0.96863,0.98431,1.00000
0.96555,0.98235,0.99902
0.96248,0.98038,0.99803
0.95940,0.97841,0.99705
0.95632,0.97644,0.99606
0.95325,0.97447,0.99508
0.95017,0.97250,0.99409
0.94710,0.97053,0.99311
0.94402,0.96857,0.99213
0.94095,0.96660,0.99114
0.93787,0.96463,0.99016
0.93479,0.96266,0.98917
0.93172,0.96069,0.98819
0.92864,0.95872,0.98720
0.92557,0.95676,0.98622
0.92249,0.95479,0.98524
0.91942,0.95282,0.98425
0.91634,0.95085,0.98327
0.91326,0.94888,0.98228
0.91019,0.94691,0.98130
0.90711,0.94494,0.98032
0.90404,0.94298,0.97933
0.90096,0.94101,0.97835
0.89789,0.93904,0.97736
0.89481,0.93707,0.97638
0.89173,0.93510,0.97539
0.88866,0.93313,0.97441
0.88558,0.93116,0.97343
0.88251,0.92920,0.97244
0.87943,0.92723,0.97146
0.87636,0.92526,0.97047
0.87328,0.92329,0.96949
0.87022,0.92132,0.96850
0.86727,0.91935,0.96752
0.86431,0.91739,0.96654
0.86136,0.91542,0.96555
0.85841,0.91345,0.96457
0.85546,0.91148,0.96358
0.85250,0.90951,0.96260
0.84955,0.90754,0.96161
0.84660,0.90557,0.96063
0.84364,0.90361,0.95965
0.84069,0.90164,0.95866
0.83774,0.89967,0.95768
0.83479,0.89770,0.95669
0.83183,0.89573,0.95571
0.82888,0.89376,0.95473
0.82593,0.89180,0.95374
0.82298,0.88983,0.95276
0.82002,0.88786,0.95177
0.81707,0.88589,0.95079
0.81412,0.88392,0.94980
0.81116,0.88195,0.94882
0.80821,0.87998,0.94784
0.80526,0.87802,0.94685
0.80231,0.87605,0.94587
0.79935,0.87408,0.94488
0.79640,0.87211,0.94390
0.79345,0.87014,0.94291
0.79050,0.86817,0.94193
0.78754,0.86621,0.94095
0.78459,0.86424,0.93996
0.78164,0.86227,0.93898
0.77869,0.86030,0.93799
0.77524,0.85830,0.93682
0.77032,0.85621,0.93510
0.76540,0.85412,0.93338
0.76048,0.85203,0.93166
0.75556,0.84993,0.92993
0.75063,0.84784,0.92821
0.74571,0.84575,0.92649
0.74079,0.84366,0.92477
0.73587,0.84157,0.92304
0.73095,0.83948,0.92132
0.72603,0.83739,0.91960
0.72111,0.83529,0.91788
0.71619,0.83320,0.91616
0.71126,0.83111,0.91443
0.70634,0.82902,0.91271
0.70142,0.82693,0.91099
0.69650,0.82484,0.90927
0.69158,0.82275,0.90754
0.68666,0.82065,0.90582
0.68174,0.81856,0.90410
0.67682,0.81647,0.90238
0.67190,0.81438,0.90065
0.66697,0.81229,0.89893
0.66205,0.81020,0.89721
0.65713,0.80810,0.89549
0.65221,0.80601,0.89376
0.64729,0.80392,0.89204
0.64237,0.80183,0.89032
0.63745,0.79974,0.88860
0.63253,0.79765,0.88687
0.62760,0.79556,0.88515
0.62268,0.79346,0.88343
0.61725,0.79087,0.88185
0.61098,0.78742,0.88049
0.60471,0.78398,0.87914
0.59843,0.78053,0.87779
0.59216,0.77709,0.87643
0.58588,0.77364,0.87508
0.57961,0.77020,0.87373
0.57333,0.76675,0.87237
0.56706,0.76331,0.87102
0.56078,0.75986,0.86967
0.55451,0.75642,0.86831
0.54824,0.75297,0.86696
0.54196,0.74953,0.86561
0.53569,0.74608,0.86425
0.52941,0.74264,0.86290
0.52314,0.73919,0.86155
0.51686,0.73575,0.86019
0.51059,0.73230,0.85884
0.50431,0.72886,0.85749
0.49804,0.72541,0.85613
0.49176,0.72197,0.85478
0.48549,0.71852,0.85343
0.47922,0.71508,0.85207
0.47294,0.71163,0.85072
0.46667,0.70819,0.84937
0.46039,0.70474,0.84801
0.45412,0.70130,0.84666
0.44784,0.69785,0.84531
0.44157,0.69441,0.84395
0.43529,0.69097,0.84260
0.42902,0.68752,0.84125
0.42275,0.68408,0.83989
0.41709,0.68063,0.83823
0.41204,0.67719,0.83626
0.40700,0.67374,0.83429
0.40195,0.67030,0.83233
0.39691,0.66685,0.83036
0.39186,0.66341,0.82839
0.38682,0.65996,0.82642
0.38178,0.65652,0.82445
0.37673,0.65307,0.82248
0.37169,0.64963,0.82052
0.36664,0.64618,0.81855
0.36160,0.64274,0.81658
0.35656,0.63929,0.81461
0.35151,0.63585,0.81264
0.34647,0.63240,0.81067
0.34142,0.62896,0.80870
0.33638,0.62551,0.80674
0.33133,0.62207,0.80477
0.32629,0.61862,0.80280
0.32125,0.61518,0.80083
0.31620,0.61173,0.79886
0.31116,0.60829,0.79689
0.30611,0.60484,0.79493
0.30107,0.60140,0.79296
0.29602,0.59795,0.79099
0.29098,0.59451,0.78902
0.28594,0.59106,0.78705
0.28089,0.58762,0.78508
0.27585,0.58418,0.78311
0.27080,0.58073,0.78115
0.26576,0.57729,0.77918
0.26072,0.57384,0.77721
0.25629,0.57001,0.77516
0.25223,0.56595,0.77307
0.24817,0.56189,0.77098
0.24411,0.55783,0.76889
0.24005,0.55377,0.76680
0.23599,0.54971,0.76471
0.23193,0.54565,0.76261
0.22787,0.54159,0.76052
0.22381,0.53753,0.75843
0.21975,0.53347,0.75634
0.21569,0.52941,0.75425
0.21163,0.52535,0.75216
0.20757,0.52129,0.75007
0.20351,0.51723,0.74797
0.19945,0.51317,0.74588
0.19539,0.50911,0.74379
0.19133,0.50505,0.74170
0.18727,0.50099,0.73961
0.18321,0.49693,0.73752
0.17915,0.49287,0.73542
0.17509,0.48881,0.73333
0.17103,0.48475,0.73124
0.16697,0.48069,0.72915
0.16291,0.47663,0.72706
0.15885,0.47257,0.72497
0.15479,0.46851,0.72288
0.15073,0.46445,0.72078
0.14667,0.46039,0.71869
0.14261,0.45633,0.71660
0.13855,0.45227,0.71451
0.13449,0.44821,0.71242
0.13043,0.44415,0.71033
0.12710,0.44018,0.70750
0.12403,0.43625,0.70442
0.12095,0.43231,0.70135
0.11788,0.42837,0.69827
0.11480,0.42444,0.69519
0.11173,0.42050,0.69212
0.10865,0.41656,0.68904
0.10557,0.41263,0.68597
0.10250,0.40869,0.68289
0.09942,0.40475,0.67982
0.09635,0.40082,0.67674
0.09327,0.39688,0.67366
0.09020,0.39294,0.67059
0.08712,0.38900,0.66751
0.08404,0.38507,0.66444
0.08097,0.38113,0.66136
0.07789,0.37719,0.65829
0.07482,0.37326,0.65521
0.07174,0.36932,0.65213
0.06867,0.36538,0.64906
0.06559,0.36145,0.64598
0.06251,0.35751,0.64291
0.05944,0.35357,0.63983
0.05636,0.34963,0.63676
0.05329,0.34570,0.63368
0.05021,0.34176,0.63060
0.04714,0.33782,0.62753
0.04406,0.33389,0.62445
0.04098,0.32995,0.62138
0.03791,0.32601,0.61830
0.03483,0.32208,0.61522
0.03176,0.31814,0.61215
0.03137,0.31409,0.60649
0.03137,0.31003,0.60046
0.03137,0.30597,0.59443
0.03137,0.30191,0.58840
0.03137,0.29785,0.58238
0.03137,0.29379,0.57635
0.03137,0.28973,0.57032
0.03137,0.28567,0.56429
0.03137,0.28161,0.55826
0.03137,0.27755,0.55223
0.03137,0.27349,0.54621
0.03137,0.26943,0.54018
0.03137,0.26537,0.53415
0.03137,0.26131,0.52812
0.03137,0.25725,0.52209
0.03137,0.25319,0.51606
0.03137,0.24913,0.51003
0.03137,0.24507,0.50401
0.03137,0.24101,0.49798
0.03137,0.23696,0.49195
0.03137,0.23290,0.48592
0.03137,0.22884,0.47989
0.03137,0.22478,0.47386
0.03137,0.22072,0.46784
0.03137,0.21666,0.46181
0.03137,0.21260,0.45578
0.03137,0.20854,0.44975
0.03137,0.20448,0.44372
0.03137,0.20042,0.43769
0.03137,0.19636,0.43166
0.03137,0.19230,0.42564
0.03137,0.18824,0.41961
