0.96863,0.98824,0.99216
0.96641,0.98737,0.99166
0.96420,0.98651,0.99117
0.96198,0.98565,0.99068
0.95977,0.98479,0.99019
0.95755,0.98393,0.98970
0.95534,0.98307,0.98920
0.95313,0.98221,0.98871
0.95091,0.98135,0.98822
0.94870,0.98048,0.98773
0.94648,0.97962,0.98724
0.94427,0.97876,0.98674
0.94205,0.97790,0.98625
0.93984,0.97704,0.98576
0.93762,0.97618,0.98527
0.93541,0.97532,0.98478
0.93319,0.97446,0.98428
0.93098,0.97359,0.98379
0.92877,0.97273,0.98330
0.92655,0.97187,0.98281
0.92434,0.97101,0.98231
0.92212,0.97015,0.98182
0.91991,0.96929,0.98133
0.91769,0.96843,0.98084
0.91548,0.96757,0.98035
0.91326,0.96671,0.97985
0.91105,0.96584,0.97936
0.90884,0.96498,0.97887
0.90662,0.96412,0.97838
0.90441,0.96326,0.97789
0.90219,0.96240,0.97739
0.89998,0.96154,0.97690
0.89765,0.96065,0.97618
0.89458,0.95954,0.97384
0.89150,0.95843,0.97150
0.88843,0.95732,0.96917
0.88535,0.95622,0.96683
0.88228,0.95511,0.96449
0.87920,0.95400,0.96215
0.87612,0.95290,0.95982
0.87305,0.95179,0.95748
0.86997,0.95068,0.95514
0.86690,0.94957,0.95280
0.86382,0.94847,0.95047
0.86075,0.94736,0.94813
0.85767,0.94625,0.94579
0.85459,0.94514,0.94345
0.85152,0.94404,0.94111
0.84844,0.94293,0.93878
0.84537,0.94182,0.93644
0.84229,0.94072,0.93410
0.83922,0.93961,0.93176
0.83614,0.93850,0.92943
0.83306,0.93739,0.92709
0.82999,0.93629,0.92475
0.82691,0.93518,0.92241
0.82384,0.93407,0.92008
0.82076,0.93296,0.91774
0.81769,0.93186,0.91540
0.81461,0.93075,0.91306
0.81153,0.92964,0.91073
0.80846,0.92854,0.90839
0.80538,0.92743,0.90605
0.80231,0.92632,0.90371
0.79843,0.92488,0.90107
0.79216,0.92241,0.89750
0.78588,0.91995,0.89393
0.77961,0.91749,0.89037
0.77333,0.91503,0.88680
0.76706,0.91257,0.88323
0.76078,0.91011,0.87966
0.75451,0.90765,0.87609
0.74824,0.90519,0.87253
0.74196,0.90273,0.86896
0.73569,0.90027,0.86539
0.72941,0.89781,0.86182
0.72314,0.89535,0.85825
0.71686,0.89289,0.85469
0.71059,0.89043,0.85112
0.70431,0.88797,0.84755
0.69804,0.88551,0.84398
0.69176,0.88304,0.84042
0.68549,0.88058,0.83685
0.67922,0.87812,0.83328
0.67294,0.87566,0.82971
0.66667,0.87320,0.82614
0.66039,0.87074,0.82258
0.65412,0.86828,0.81901
0.64784,0.86582,0.81544
0.64157,0.86336,0.81187
0.63529,0.86090,0.80830
0.62902,0.85844,0.80474
0.62275,0.85598,0.80117
0.61647,0.85352,0.79760
0.61020,0.85106,0.79403
0.60392,0.84860,0.79047
0.59765,0.84604,0.78653
0.59137,0.84334,0.78198
0.58510,0.84063,0.77742
0.57882,0.83792,0.77287
0.57255,0.83522,0.76832
0.56627,0.83251,0.76377
0.56000,0.82980,0.75922
0.55373,0.82710,0.75466
0.54745,0.82439,0.75011
0.54118,0.82168,0.74556
0.53490,0.81898,0.74101
0.52863,0.81627,0.73646
0.52235,0.81356,0.73190
0.51608,0.81086,0.72735
0.50980,0.80815,0.72280
0.50353,0.80544,0.71825
0.49725,0.80274,0.71369
0.49098,0.80003,0.70914
0.48471,0.79732,0.70459
0.47843,0.79462,0.70004
0.47216,0.79191,0.69549
0.46588,0.78920,0.69093
0.45961,0.78650,0.68638
0.45333,0.78379,0.68183
0.44706,0.78108,0.67728
0.44078,0.77838,0.67273
0.43451,0.77567,0.66817
0.42824,0.77296,0.66362
0.42196,0.77026,0.65907
0.41569,0.76755,0.65452
0.40941,0.76484,0.64997
0.40314,0.76214,0.64541
0.39772,0.75955,0.64031
0.39317,0.75709,0.63465
0.38862,0.75463,0.62899
0.38407,0.75217,0.62333
0.37952,0.74971,0.61767
0.37496,0.74725,0.61201
0.37041,0.74479,0.60635
0.36586,0.74233,0.60069
0.36131,0.73987,0.59503
0.35676,0.73741,0.58937
0.35220,0.73495,0.58371
0.34765,0.73249,0.57805
0.34310,0.73003,0.57240
0.33855,0.72757,0.56674
0.33399,0.72511,0.56108
0.32944,0.72265,0.55542
0.32489,0.72018,0.54976
0.32034,0.71772,0.54410
0.31579,0.71526,0.53844
0.31123,0.71280,0.53278
0.30668,0.71034,0.52712
0.30213,0.70788,0.52146
0.29758,0.70542,0.51580
0.29303,0.70296,0.51014
0.28847,0.70050,0.50448
0.28392,0.69804,0.49882
0.27937,0.69558,0.49316
0.27482,0.69312,0.48750
0.27027,0.69066,0.48185
0.26571,0.68820,0.47619
0.26116,0.68574,0.47053
0.25661,0.68328,0.46487
0.25260,0.67966,0.45898
0.24890,0.67536,0.45295
0.24521,0.67105,0.44692
0.24152,0.66674,0.44089
0.23783,0.66244,0.43486
0.23414,0.65813,0.42884
0.23045,0.65383,0.42281
0.22676,0.64952,0.41678
0.22307,0.64521,0.41075
0.21938,0.64091,0.40472
0.21569,0.63660,0.39869
0.21200,0.63230,0.39266
0.20830,0.62799,0.38664
0.20461,0.62368,0.38061
0.20092,0.61938,0.37458
0.19723,0.61507,0.36855
0.19354,0.61077,0.36252
0.18985,0.60646,0.35649
0.18616,0.60215,0.35047
0.18247,0.59785,0.34444
0.17878,0.59354,0.33841
0.17509,0.58923,0.33238
0.17140,0.58493,0.32635
0.16770,0.58062,0.32032
0.16401,0.57632,0.31429
0.16032,0.57201,0.30827
0.15663,0.56770,0.30224
0.15294,0.56340,0.29621
0.14925,0.55909,0.29018
0.14556,0.55479,0.28415
0.14187,0.55048,0.27812
0.13818,0.54617,0.27210
0.13403,0.54233,0.26828
0.12972,0.53864,0.26521
0.12541,0.53495,0.26213
0.12111,0.53126,0.25905
0.11680,0.52757,0.25598
0.11250,0.52388,0.25290
0.10819,0.52018,0.24983
0.10388,0.51649,0.24675
0.09958,0.51280,0.24368
0.09527,0.50911,0.24060
0.09097,0.50542,0.23752
0.08666,0.50173,0.23445
0.08235,0.49804,0.23137
0.07805,0.49435,0.22830
0.07374,0.49066,0.22522
0.06943,0.48697,0.22215
0.06513,0.48328,0.21907
0.06082,0.47958,0.21599
0.05652,0.47589,0.21292
0.05221,0.47220,0.20984
0.04790,0.46851,0.20677
0.04360,0.46482,0.20369
0.03929,0.46113,0.20062
0.03499,0.45744,0.19754
0.03068,0.45375,0.19446
0.02637,0.45006,0.19139
0.02207,0.44637,0.18831
0.01776,0.44268,0.18524
0.01346,0.43899,0.18216
0.00915,0.43529,0.17908
0.00484,0.43160,0.17601
0.00054,0.42791,0.17293
0.00000,0.42304,0.17072
0.00000,0.41799,0.16863
0.00000,0.41295,0.16654
0.00000,0.40790,0.16444
0.00000,0.40286,0.16235
0.00000,0.39782,0.16026
0.00000,0.39277,0.15817
0.00000,0.38773,0.15608
0.00000,0.38268,0.15399
0.00000,0.37764,0.15190
0.00000,0.37260,0.14980
0.00000,0.36755,0.14771
0.00000,0.36251,0.14562
0.00000,0.35746,0.14353
0.00000,0.35242,0.14144
0.00000,0.34737,0.13935
0.00000,0.34233,0.13725
0.00000,0.33729,0.13516
0.00000,0.33224,0.13307
0.00000,0.32720,0.13098
0.00000,0.32215,0.12889
0.00000,0.31711,0.12680
0.00000,0.31206,0.12471
0.00000,0.30702,0.12261
0.00000,0.30198,0.12052
0.00000,0.29693,0.11843
0.00000,0.29189,0.11634
0.00000,0.28684,0.11425
0.00000,0.28180,0.11216
0.00000,0.27676,0.11007
0.00000,0.27171,0.10797
0.00000,0.26667,0.10588
