0.96863,0.98824,0.99216
0.96580,0.98627,0.99105
0.96297,0.98430,0.98994
0.96014,0.98233,0.98884
0.95731,0.98036,0.98773
0.95448,0.97839,0.98662
0.95165,0.97642,0.98551
0.94882,0.97446,0.98441
0.94599,0.97249,0.98330
0.94316,0.97052,0.98219
0.94033,0.96855,0.98108
0.93750,0.96658,0.97998
0.93467,0.96461,0.97887
0.93184,0.96265,0.97776
0.92901,0.96068,0.97666
0.92618,0.95871,0.97555
0.92335,0.95674,0.97444
0.92052,0.95477,0.97333
0.91769,0.95280,0.97223
0.91486,0.95083,0.97112
0.91203,0.94887,0.97001
0.90920,0.94690,0.96890
0.90637,0.94493,0.96780
0.90354,0.94296,0.96669
0.90072,0.94099,0.96558
0.89789,0.93902,0.96448
0.89506,0.93705,0.96337
0.89223,0.93509,0.96226
0.88940,0.93312,0.96115
0.88657,0.93115,0.96005
0.88374,0.92918,0.95894
0.88091,0.92721,0.95783
0.87792,0.92511,0.95665
0.87386,0.92203,0.95493
0.86980,0.91895,0.95320
0.86574,0.91588,0.95148
0.86168,0.91280,0.94976
0.85762,0.90973,0.94804
0.85356,0.90665,0.94631
0.84950,0.90358,0.94459
0.84544,0.90050,0.94287
0.84138,0.89742,0.94115
0.83732,0.89435,0.93942
0.83326,0.89127,0.93770
0.82920,0.88820,0.93598
0.82514,0.88512,0.93426
0.82108,0.88205,0.93253
0.81702,0.87897,0.93081
0.81296,0.87589,0.92909
0.80890,0.87282,0.92737
0.80484,0.86974,0.92564
0.80078,0.86667,0.92392
0.79672,0.86359,0.92220
0.79266,0.86052,0.92048
0.78860,0.85744,0.91875
0.78454,0.85436,0.91703
0.78048,0.85129,0.91531
0.77642,0.84821,0.91359
0.77236,0.84514,0.91186
0.76830,0.84206,0.91014
0.76424,0.83899,0.90842
0.76018,0.83591,0.90670
0.75612,0.83283,0.90498
0.75206,0.82976,0.90325
0.74800,0.82674,0.90159
0.74394,0.82391,0.90012
0.73988,0.82108,0.89864
0.73582,0.81825,0.89716
0.73176,0.81542,0.89569
0.72770,0.81260,0.89421
0.72364,0.80977,0.89273
0.71958,0.80694,0.89126
0.71552,0.80411,0.88978
0.71146,0.80128,0.88830
0.70740,0.79845,0.88683
0.70334,0.79562,0.88535
0.69928,0.79279,0.88388
0.69522,0.78996,0.88240
0.69116,0.78713,0.88092
0.68710,0.78430,0.87945
0.68304,0.78147,0.87797
0.67899,0.77864,0.87649
0.67493,0.77581,0.87502
0.67087,0.77298,0.87354
0.66681,0.77015,0.87206
0.66275,0.76732,0.87059
0.65869,0.76449,0.86911
0.65463,0.76166,0.86764
0.65057,0.75883,0.86616
0.64651,0.75600,0.86468
0.64245,0.75317,0.86321
0.63839,0.75034,0.86173
0.63433,0.74751,0.86025
0.63027,0.74468,0.85878
0.62621,0.74185,0.85730
0.62215,0.73902,0.85582
0.61878,0.73550,0.85398
0.61656,0.73083,0.85152
0.61435,0.72615,0.84906
0.61213,0.72148,0.84660
0.60992,0.71680,0.84414
0.60770,0.71213,0.84168
0.60549,0.70745,0.83922
0.60328,0.70278,0.83676
0.60106,0.69810,0.83429
0.59885,0.69343,0.83183
0.59663,0.68875,0.82937
0.59442,0.68408,0.82691
0.59220,0.67940,0.82445
0.58999,0.67473,0.82199
0.58777,0.67005,0.81953
0.58556,0.66537,0.81707
0.58334,0.66070,0.81461
0.58113,0.65602,0.81215
0.57892,0.65135,0.80969
0.57670,0.64667,0.80723
0.57449,0.64200,0.80477
0.57227,0.63732,0.80231
0.57006,0.63265,0.79985
0.56784,0.62797,0.79739
0.56563,0.62330,0.79493
0.56341,0.61862,0.79246
0.56120,0.61395,0.79000
0.55899,0.60927,0.78754
0.55677,0.60460,0.78508
0.55456,0.59992,0.78262
0.55234,0.59525,0.78016
0.55013,0.59057,0.77770
0.54902,0.58559,0.77518
0.54902,0.58030,0.77260
0.54902,0.57501,0.77001
0.54902,0.56972,0.76743
0.54902,0.56443,0.76484
0.54902,0.55914,0.76226
0.54902,0.55385,0.75968
0.54902,0.54856,0.75709
0.54902,0.54327,0.75451
0.54902,0.53798,0.75193
0.54902,0.53269,0.74934
0.54902,0.52740,0.74676
0.54902,0.52211,0.74418
0.54902,0.51682,0.74159
0.54902,0.51153,0.73901
0.54902,0.50624,0.73642
0.54902,0.50095,0.73384
0.54902,0.49566,0.73126
0.54902,0.49037,0.72867
0.54902,0.48507,0.72609
0.54902,0.47978,0.72351
0.54902,0.47449,0.72092
0.54902,0.46920,0.71834
0.54902,0.46391,0.71576
0.54902,0.45862,0.71317
0.54902,0.45333,0.71059
0.54902,0.44804,0.70800
0.54902,0.44275,0.70542
0.54902,0.43746,0.70284
0.54902,0.43217,0.70025
0.54902,0.42688,0.69767
0.54902,0.42159,0.69509
0.54871,0.41638,0.69258
0.54822,0.41121,0.69012
0.54773,0.40604,0.68766
0.54724,0.40088,0.68520
0.54674,0.39571,0.68274
0.54625,0.39054,0.68028
0.54576,0.38537,0.67782
0.54527,0.38021,0.67536
0.54478,0.37504,0.67290
0.54428,0.36987,0.67043
0.54379,0.36471,0.66797
0.54330,0.35954,0.66551
0.54281,0.35437,0.66305
0.54231,0.34920,0.66059
0.54182,0.34404,0.65813
0.54133,0.33887,0.65567
0.54084,0.33370,0.65321
0.54035,0.32854,0.65075
0.53985,0.32337,0.64829
0.53936,0.31820,0.64583
0.53887,0.31303,0.64337
0.53838,0.30787,0.64091
0.53789,0.30270,0.63845
0.53739,0.29753,0.63599
0.53690,0.29236,0.63353
0.53641,0.28720,0.63106
0.53592,0.28203,0.62860
0.53542,0.27686,0.62614
0.53493,0.27170,0.62368
0.53444,0.26653,0.62122
0.53395,0.26136,0.61876
0.53346,0.25619,0.61630
0.53269,0.25029,0.61264
0.53183,0.24414,0.60858
0.53097,0.23799,0.60452
0.53010,0.23183,0.60046
0.52924,0.22568,0.59640
0.52838,0.21953,0.59234
0.52752,0.21338,0.58828
0.52666,0.20723,0.58422
0.52580,0.20108,0.58016
0.52494,0.19493,0.57610
0.52408,0.18877,0.57204
0.52321,0.18262,0.56798
0.52235,0.17647,0.56392
0.52149,0.17032,0.55986
0.52063,0.16417,0.55580
0.51977,0.15802,0.55174
0.51891,0.15186,0.54768
0.51805,0.14571,0.54362
0.51719,0.13956,0.53956
0.51632,0.13341,0.53550
0.51546,0.12726,0.53144
0.51460,0.12111,0.52738
0.51374,0.11496,0.52332
0.51288,0.10880,0.51926
0.51202,0.10265,0.51520
0.51116,0.09650,0.51114
0.51030,0.09035,0.50708
0.50943,0.08420,0.50302
0.50857,0.07805,0.49896
0.50771,0.07190,0.49490
0.50685,0.06574,0.49084
0.50599,0.05959,0.48678
0.50028,0.05721,0.48100
0.49389,0.05536,0.47497
0.48749,0.05352,0.46894
0.48109,0.05167,0.46291
0.47469,0.04983,0.45689
0.46830,0.04798,0.45086
0.46190,0.04614,0.44483
0.45550,0.04429,0.43880
0.44910,0.04245,0.43277
0.44271,0.04060,0.42674
0.43631,0.03875,0.42072
0.42991,0.03691,0.41469
0.42351,0.03506,0.40866
0.41712,0.03322,0.40263
0.41072,0.03137,0.39660
0.40432,0.02953,0.39057
0.39792,0.02768,0.38454
0.39153,0.02584,0.37852
0.38513,0.02399,0.37249
0.37873,0.02215,0.36646
0.37233,0.02030,0.36043
0.36594,0.01845,0.35440
0.35954,0.01661,0.34837
0.35314,0.01476,0.34235
0.34674,0.01292,0.33632
0.34035,0.01107,0.33029
0.33395,0.00923,0.32426
0.32755,0.00738,0.31823
0.32115,0.00554,0.31220
0.31476,0.00369,0.30617
0.30836,0.00185,0.30015
0.30196,0.00000,0.29412
