0.00000,0.00000,0.00000
0.00261,0.00000,0.16869
0.00523,0.00000,0.22166
0.00784,0.00000,0.26381
0.01045,0.00000,0.30595
0.01307,0.00000,0.34809
0.01568,0.00000,0.39023
0.01829,0.00000,0.43237
0.02091,0.00891,0.45475
0.02352,0.01793,0.45561
0.02613,0.02695,0.45632
0.02875,0.03597,0.45703
0.03136,0.04499,0.45774
0.03397,0.05401,0.45845
0.03659,0.06303,0.45916
0.03920,0.07205,0.45987
0.04182,0.08107,0.46058
0.04443,0.09009,0.46129
0.04704,0.09911,0.46200
0.04966,0.10813,0.46271
0.05227,0.11715,0.46343
0.05488,0.12617,0.46414
0.05750,0.13519,0.46485
0.06011,0.14421,0.46556
0.06272,0.15323,0.46627
0.06534,0.16225,0.46698
0.06795,0.17127,0.46769
0.07056,0.18029,0.46840
0.07318,0.18931,0.46911
0.07579,0.19747,0.46982
0.07840,0.20562,0.47053
0.08102,0.21378,0.47125
0.08363,0.22194,0.47196
0.08624,0.23010,0.47267
0.08886,0.23825,0.47338
0.09147,0.24641,0.47409
0.09408,0.25457,0.47480
0.09670,0.26273,0.47551
0.09931,0.27088,0.47622
0.10192,0.27904,0.47693
0.10454,0.28720,0.47764
0.10715,0.29535,0.47835
0.10977,0.30351,0.47907
0.11238,0.31084,0.47978
0.11499,0.31818,0.48049
0.11761,0.32551,0.48120
0.12022,0.33285,0.48191
0.12283,0.34018,0.48262
0.12545,0.34751,0.48333
0.12806,0.35485,0.48404
0.13067,0.36218,0.48475
0.13329,0.36951,0.48546
0.13590,0.37685,0.48617
0.13851,0.38417,0.48688
0.14113,0.39037,0.48760
0.14374,0.39656,0.48831
0.14635,0.40276,0.48902
0.14897,0.40896,0.48973
0.15158,0.41516,0.49044
0.15419,0.42135,0.49115
0.15681,0.42755,0.49186
0.15942,0.43375,0.49257
0.16203,0.43995,0.49328
0.16465,0.44615,0.49399
0.16726,0.45234,0.49470
0.16987,0.45854,0.49542
0.17249,0.46474,0.49613
0.17510,0.47094,0.49684
0.17771,0.47713,0.49755
0.18033,0.48333,0.49826
0.18294,0.48953,0.49897
0.18556,0.49573,0.49968
0.18817,0.50193,0.50039
0.19003,0.50423,0.49566
0.19188,0.50649,0.49086
0.19373,0.50875,0.48606
0.19558,0.51100,0.48126
0.19743,0.51326,0.47646
0.19928,0.51552,0.47166
0.20113,0.51778,0.46686
0.20297,0.52003,0.46205
0.20482,0.52229,0.45725
0.20667,0.52455,0.45245
0.20852,0.52681,0.44765
0.21037,0.52906,0.44285
0.21222,0.53132,0.43805
0.21407,0.53358,0.43325
0.21592,0.53584,0.42845
0.21777,0.53809,0.42365
0.21962,0.54035,0.41885
0.22147,0.54261,0.41405
0.22332,0.54487,0.40925
0.22517,0.54712,0.40445
0.22702,0.54938,0.39965
0.22887,0.55164,0.39485
0.23072,0.55390,0.39005
0.23257,0.55615,0.38525
0.23442,0.55841,0.38045
0.23627,0.56067,0.37565
0.23812,0.56293,0.37085
0.23997,0.56518,0.36605
0.24182,0.56744,0.36125
0.24367,0.56970,0.35645
0.24552,0.57196,0.35165
0.24737,0.57421,0.34685
0.24922,0.57647,0.34205
0.25107,0.57873,0.33725
0.25291,0.58099,0.33245
0.25476,0.58324,0.32764
0.25661,0.58550,0.32284
0.25846,0.58776,0.31804
0.26031,0.59002,0.31324
0.26216,0.59227,0.30844
0.26401,0.59453,0.30364
0.26586,0.59679,0.29884
0.26771,0.59905,0.29404
0.26956,0.60130,0.28924
0.27145,0.60356,0.28444
0.28017,0.60582,0.27964
0.28889,0.60808,0.27484
0.29760,0.61033,0.27707
0.30632,0.61259,0.27935
0.31504,0.61485,0.28164
0.32375,0.61711,0.28392
0.33247,0.61936,0.28621
0.34119,0.62162,0.28850
0.34991,0.62388,0.29078
0.35862,0.62614,0.29307
0.36734,0.62839,0.29535
0.37606,0.63065,0.29764
0.38477,0.63291,0.29993
0.39349,0.63517,0.30221
0.40221,0.63742,0.30450
0.41092,0.63968,0.30678
0.41964,0.64141,0.30907
0.42836,0.64313,0.31136
0.43708,0.64485,0.31364
0.44579,0.64657,0.31593
0.45451,0.64829,0.31821
0.46323,0.65001,0.32050
0.47193,0.65173,0.32174
0.47840,0.65345,0.32298
0.48487,0.65517,0.32422
0.49133,0.65689,0.32546
0.49780,0.65861,0.32670
0.50427,0.66033,0.32794
0.51073,0.66206,0.32918
0.51720,0.66378,0.33041
0.52367,0.66550,0.33165
0.53013,0.66722,0.33289
0.53660,0.66894,0.33413
0.54307,0.67066,0.33537
0.54953,0.67238,0.33661
0.55600,0.67410,0.33785
0.56247,0.67582,0.33909
0.56893,0.67754,0.34033
0.57540,0.67926,0.34157
0.58187,0.68098,0.34281
0.58833,0.68270,0.34405
0.59480,0.68442,0.34529
0.60127,0.68614,0.34653
0.60773,0.68787,0.34777
0.61420,0.68959,0.34901
0.62067,0.69131,0.35025
0.62713,0.69303,0.35149
0.63360,0.69475,0.35272
0.64006,0.69647,0.35396
0.64653,0.69819,0.35520
0.65300,0.69991,0.35644
0.65946,0.70163,0.35768
0.66593,0.70335,0.35892
0.67240,0.70507,0.36016
0.67886,0.70679,0.36140
0.68533,0.70851,0.36264
0.69180,0.71023,0.36388
0.69826,0.71196,0.36512
0.70473,0.71368,0.36636
0.71120,0.71540,0.36760
0.71762,0.71707,0.36884
0.71926,0.71368,0.37008
0.72089,0.71029,0.37132
0.72253,0.70691,0.37256
0.72417,0.70352,0.37379
0.72581,0.70013,0.37503
0.72745,0.69675,0.37627
0.72909,0.69336,0.37751
0.73073,0.68997,0.37875
0.73237,0.68658,0.37999
0.73401,0.68320,0.38123
0.73565,0.67981,0.38247
0.73729,0.67642,0.38371
0.73892,0.67304,0.38495
0.74056,0.66965,0.38619
0.74220,0.66626,0.38743
0.74384,0.66288,0.38867
0.74548,0.65949,0.38991
0.74712,0.65610,0.39115
0.74876,0.65272,0.39239
0.75040,0.64933,0.39363
0.75204,0.64594,0.39486
0.75368,0.64256,0.39613
0.75534,0.63922,0.40574
0.75973,0.64128,0.41535
0.76411,0.64299,0.42496
0.76850,0.64470,0.43456
0.77288,0.64641,0.44417
0.77727,0.64814,0.45378
0.78166,0.65151,0.46339
0.78604,0.65489,0.47299
0.79043,0.65829,0.48260
0.79482,0.66169,0.49221
0.79920,0.66508,0.50182
0.80359,0.66848,0.51142
0.80798,0.67188,0.52103
0.81236,0.67528,0.53064
0.81675,0.67868,0.54025
0.82113,0.68208,0.54985
0.82552,0.68548,0.55946
0.82991,0.68888,0.56907
0.83429,0.69227,0.57868
0.83868,0.69567,0.58828
0.84307,0.69907,0.59789
0.84745,0.70468,0.60750
0.85184,0.71031,0.61711
0.85622,0.71592,0.62671
0.86061,0.72153,0.63632
0.86500,0.72692,0.64593
0.86938,0.73229,0.65554
0.87377,0.73767,0.66515
0.87816,0.74308,0.67697
0.88254,0.75075,0.68879
0.88693,0.75842,0.70061
0.89131,0.76609,0.71243
0.89570,0.77376,0.72425
0.90009,0.78143,0.73607
0.90447,0.78910,0.74789
0.90886,0.79677,0.75972
0.91325,0.80444,0.77154
0.91763,0.81211,0.78336
0.92202,0.81978,0.79518
0.92641,0.82745,0.80700
0.93079,0.83644,0.81882
0.93518,0.84543,0.83064
0.93956,0.85442,0.84246
0.94395,0.86341,0.85428
0.94834,0.87251,0.86610
0.95272,0.88162,0.87792
0.95711,0.89307,0.88974
0.96150,0.90452,0.90156
0.96588,0.91597,0.91338
0.97027,0.92743,0.92520
0.97465,0.93888,0.93702
0.97904,0.95033,0.94884
0.98343,0.96178,0.96066
0.98781,0.97324,0.97248
0.99220,0.98430,0.98430
