0.96863,0.98824,0.94118
0.96580,0.98713,0.93859
0.96297,0.98602,0.93601
0.96014,0.98491,0.93343
0.95731,0.98381,0.93084
0.95448,0.98270,0.92826
0.95165,0.98159,0.92567
0.94882,0.98048,0.92309
0.94599,0.97938,0.92051
0.94316,0.97827,0.91792
0.94033,0.97716,0.91534
0.93750,0.97606,0.91276
0.93467,0.97495,0.91017
0.93184,0.97384,0.90759
0.92901,0.97273,0.90501
0.92618,0.97163,0.90242
0.92335,0.97052,0.89984
0.92052,0.96941,0.89725
0.91769,0.96830,0.89467
0.91486,0.96720,0.89209
0.91203,0.96609,0.88950
0.90920,0.96498,0.88692
0.90637,0.96388,0.88434
0.90354,0.96277,0.88175
0.90072,0.96166,0.87917
0.89789,0.96055,0.87659
0.89506,0.95945,0.87400
0.89223,0.95834,0.87142
0.88940,0.95723,0.86884
0.88657,0.95612,0.86625
0.88374,0.95502,0.86367
0.88091,0.95391,0.86108
0.87812,0.95282,0.85849
0.87566,0.95183,0.85578
0.87320,0.95085,0.85307
0.87074,0.94987,0.85037
0.86828,0.94888,0.84766
0.86582,0.94790,0.84495
0.86336,0.94691,0.84225
0.86090,0.94593,0.83954
0.85844,0.94494,0.83683
0.85598,0.94396,0.83413
0.85352,0.94298,0.83142
0.85106,0.94199,0.82871
0.84860,0.94101,0.82601
0.84614,0.94002,0.82330
0.84368,0.93904,0.82059
0.84121,0.93805,0.81789
0.83875,0.93707,0.81518
0.83629,0.93609,0.81247
0.83383,0.93510,0.80977
0.83137,0.93412,0.80706
0.82891,0.93313,0.80435
0.82645,0.93215,0.80165
0.82399,0.93116,0.79894
0.82153,0.93018,0.79623
0.81907,0.92920,0.79353
0.81661,0.92821,0.79082
0.81415,0.92723,0.78811
0.81169,0.92624,0.78541
0.80923,0.92526,0.78270
0.80677,0.92428,0.77999
0.80431,0.92329,0.77729
0.80185,0.92231,0.77458
0.79889,0.92114,0.77206
0.79446,0.91942,0.77009
0.79003,0.91769,0.76812
0.78561,0.91597,0.76615
0.78118,0.91425,0.76418
0.77675,0.91253,0.76221
0.77232,0.91080,0.76025
0.76789,0.90908,0.75828
0.76346,0.90736,0.75631
0.75903,0.90564,0.75434
0.75460,0.90391,0.75237
0.75017,0.90219,0.75040
0.74574,0.90047,0.74844
0.74131,0.89875,0.74647
0.73689,0.89702,0.74450
0.73246,0.89530,0.74253
0.72803,0.89358,0.74056
0.72360,0.89186,0.73859
0.71917,0.89013,0.73662
0.71474,0.88841,0.73466
0.71031,0.88669,0.73269
0.70588,0.88497,0.73072
0.70145,0.88324,0.72875
0.69702,0.88152,0.72678
0.69260,0.87980,0.72481
0.68817,0.87808,0.72285
0.68374,0.87636,0.72088
0.67931,0.87463,0.71891
0.67488,0.87291,0.71694
0.67045,0.87119,0.71497
0.66602,0.86947,0.71300
0.66159,0.86774,0.71103
0.65675,0.86588,0.71050
0.65121,0.86379,0.71234
0.64567,0.86170,0.71419
0.64014,0.85961,0.71603
0.63460,0.85752,0.71788
0.62907,0.85542,0.71972
0.62353,0.85333,0.72157
0.61799,0.85124,0.72341
0.61246,0.84915,0.72526
0.60692,0.84706,0.72710
0.60138,0.84497,0.72895
0.59585,0.84288,0.73080
0.59031,0.84078,0.73264
0.58478,0.83869,0.73449
0.57924,0.83660,0.73633
0.57370,0.83451,0.73818
0.56817,0.83242,0.74002
0.56263,0.83033,0.74187
0.55709,0.82824,0.74371
0.55156,0.82614,0.74556
0.54602,0.82405,0.74740
0.54048,0.82196,0.74925
0.53495,0.81987,0.75110
0.52941,0.81778,0.75294
0.52388,0.81569,0.75479
0.51834,0.81359,0.75663
0.51280,0.81150,0.75848
0.50727,0.80941,0.76032
0.50173,0.80732,0.76217
0.49619,0.80523,0.76401
0.49066,0.80314,0.76586
0.48512,0.80105,0.76770
0.47958,0.79846,0.76955
0.47405,0.79539,0.77140
0.46851,0.79231,0.77324
0.46298,0.78923,0.77509
0.45744,0.78616,0.77693
0.45190,0.78308,0.77878
0.44637,0.78001,0.78062
0.44083,0.77693,0.78247
0.43529,0.77386,0.78431
0.42976,0.77078,0.78616
0.42422,0.76770,0.78800
0.41869,0.76463,0.78985
0.41315,0.76155,0.79170
0.40761,0.75848,0.79354
0.40208,0.75540,0.79539
0.39654,0.75233,0.79723
0.39100,0.74925,0.79908
0.38547,0.74617,0.80092
0.37993,0.74310,0.80277
0.37439,0.74002,0.80461
0.36886,0.73695,0.80646
0.36332,0.73387,0.80830
0.35779,0.73080,0.81015
0.35225,0.72772,0.81200
0.34671,0.72464,0.81384
0.34118,0.72157,0.81569
0.33564,0.71849,0.81753
0.33010,0.71542,0.81938
0.32457,0.71234,0.82122
0.31903,0.70927,0.82307
0.31349,0.70619,0.82491
0.30796,0.70311,0.82676
0.30319,0.69896,0.82584
0.29889,0.69416,0.82325
0.29458,0.68937,0.82067
0.29027,0.68457,0.81809
0.28597,0.67977,0.81550
0.28166,0.67497,0.81292
0.27735,0.67017,0.81033
0.27305,0.66537,0.80775
0.26874,0.66058,0.80517
0.26444,0.65578,0.80258
0.26013,0.65098,0.80000
0.25582,0.64618,0.79742
0.25152,0.64138,0.79483
0.24721,0.63659,0.79225
0.24291,0.63179,0.78967
0.23860,0.62699,0.78708
0.23429,0.62219,0.78450
0.22999,0.61739,0.78191
0.22568,0.61260,0.77933
0.22138,0.60780,0.77675
0.21707,0.60300,0.77416
0.21276,0.59820,0.77158
0.20846,0.59340,0.76900
0.20415,0.58860,0.76641
0.19985,0.58381,0.76383
0.19554,0.57901,0.76125
0.19123,0.57421,0.75866
0.18693,0.56941,0.75608
0.18262,0.56461,0.75349
0.17832,0.55982,0.75091
0.17401,0.55502,0.74833
0.16970,0.55022,0.74574
0.16540,0.54570,0.74344
0.16109,0.54127,0.74122
0.15679,0.53684,0.73901
0.15248,0.53241,0.73679
0.14817,0.52798,0.73458
0.14387,0.52355,0.73236
0.13956,0.51912,0.73015
0.13526,0.51469,0.72794
0.13095,0.51027,0.72572
0.12664,0.50584,0.72351
0.12234,0.50141,0.72129
0.11803,0.49698,0.71908
0.11373,0.49255,0.71686
0.10942,0.48812,0.71465
0.10511,0.48369,0.71243
0.10081,0.47926,0.71022
0.09650,0.47483,0.70800
0.09220,0.47040,0.70579
0.08789,0.46597,0.70358
0.08358,0.46155,0.70136
0.07928,0.45712,0.69915
0.07497,0.45269,0.69693
0.07067,0.44826,0.69472
0.06636,0.44383,0.69250
0.06205,0.43940,0.69029
0.05775,0.43497,0.68807
0.05344,0.43054,0.68586
0.04913,0.42611,0.68364
0.04483,0.42168,0.68143
0.04052,0.41725,0.67922
0.03622,0.41283,0.67700
0.03191,0.40840,0.67479
0.03137,0.40354,0.66988
0.03137,0.39862,0.66459
0.03137,0.39369,0.65930
0.03137,0.38877,0.65401
0.03137,0.38385,0.64872
0.03137,0.37893,0.64343
0.03137,0.37401,0.63814
0.03137,0.36909,0.63285
0.03137,0.36417,0.62756
0.03137,0.35925,0.62227
0.03137,0.35433,0.61698
0.03137,0.34940,0.61169
0.03137,0.34448,0.60640
0.03137,0.33956,0.60111
0.03137,0.33464,0.59582
0.03137,0.32972,0.59053
0.03137,0.32480,0.58524
0.03137,0.31988,0.57995
0.03137,0.31496,0.57466
0.03137,0.31003,0.56937
0.03137,0.30511,0.56408
0.03137,0.30019,0.55879
0.03137,0.29527,0.55349
0.03137,0.29035,0.54820
0.03137,0.28543,0.54291
0.03137,0.28051,0.53762
0.03137,0.27559,0.53233
0.03137,0.27067,0.52704
0.03137,0.26574,0.52175
0.03137,0.26082,0.51646
0.03137,0.25590,0.51117
0.03137,0.25098,0.50588
