1.00000,1.00000,1.00000
0.99815,0.99815,0.99815
0.99631,0.99631,0.99631
0.99446,0.99446,0.99446
0.99262,0.99262,0.99262
0.99077,0.99077,0.99077
0.98893,0.98893,0.98893
0.98708,0.98708,0.98708
0.98524,0.98524,0.98524
0.98339,0.98339,0.98339
0.98155,0.98155,0.98155
0.97970,0.97970,0.97970
0.97785,0.97785,0.97785
0.97601,0.97601,0.97601
0.97416,0.97416,0.97416
0.97232,0.97232,0.97232
0.97047,0.97047,0.97047
0.96863,0.96863,0.96863
0.96678,0.96678,0.96678
0.96494,0.96494,0.96494
0.96309,0.96309,0.96309
0.96125,0.96125,0.96125
0.95940,0.95940,0.95940
0.95755,0.95755,0.95755
0.95571,0.95571,0.95571
0.95386,0.95386,0.95386
0.95202,0.95202,0.95202
0.95017,0.95017,0.95017
0.94833,0.94833,0.94833
0.94648,0.94648,0.94648
0.94464,0.94464,0.94464
0.94279,0.94279,0.94279
0.94082,0.94082,0.94082
0.93799,0.93799,0.93799
0.93516,0.93516,0.93516
0.93233,0.93233,0.93233
0.92950,0.92950,0.92950
0.92667,0.92667,0.92667
0.92384,0.92384,0.92384
0.92101,0.92101,0.92101
0.91819,0.91819,0.91819
0.91536,0.91536,0.91536
0.91253,0.91253,0.91253
0.90970,0.90970,0.90970
0.90687,0.90687,0.90687
0.90404,0.90404,0.90404
0.90121,0.90121,0.90121
0.89838,0.89838,0.89838
0.89555,0.89555,0.89555
0.89272,0.89272,0.89272
0.88989,0.88989,0.88989
0.88706,0.88706,0.88706
0.88423,0.88423,0.88423
0.88140,0.88140,0.88140
0.87857,0.87857,0.87857
0.87574,0.87574,0.87574
0.87291,0.87291,0.87291
0.87008,0.87008,0.87008
0.86725,0.86725,0.86725
0.86442,0.86442,0.86442
0.86159,0.86159,0.86159
0.85876,0.85876,0.85876
0.85593,0.85593,0.85593
0.85310,0.85310,0.85310
0.85012,0.85012,0.85012
0.84667,0.84667,0.84667
0.84323,0.84323,0.84323
0.83978,0.83978,0.83978
0.83634,0.83634,0.83634
0.83290,0.83290,0.83290
0.82945,0.82945,0.82945
0.82601,0.82601,0.82601
0.82256,0.82256,0.82256
0.81912,0.81912,0.81912
0.81567,0.81567,0.81567
0.81223,0.81223,0.81223
0.80878,0.80878,0.80878
0.80534,0.80534,0.80534
0.80189,0.80189,0.80189
0.79845,0.79845,0.79845
0.79500,0.79500,0.79500
0.79156,0.79156,0.79156
0.78811,0.78811,0.78811
0.78467,0.78467,0.78467
0.78122,0.78122,0.78122
0.77778,0.77778,0.77778
0.77433,0.77433,0.77433
0.77089,0.77089,0.77089
0.76744,0.76744,0.76744
0.76400,0.76400,0.76400
0.76055,0.76055,0.76055
0.75711,0.75711,0.75711
0.75366,0.75366,0.75366
0.75022,0.75022,0.75022
0.74677,0.74677,0.74677
0.74333,0.74333,0.74333
0.73938,0.73938,0.73938
0.73458,0.73458,0.73458
0.72978,0.72978,0.72978
0.72498,0.72498,0.72498
0.72018,0.72018,0.72018
0.71539,0.71539,0.71539
0.71059,0.71059,0.71059
0.70579,0.70579,0.70579
0.70099,0.70099,0.70099
0.69619,0.69619,0.69619
0.69140,0.69140,0.69140
0.68660,0.68660,0.68660
0.68180,0.68180,0.68180
0.67700,0.67700,0.67700
0.67220,0.67220,0.67220
0.66740,0.66740,0.66740
0.66261,0.66261,0.66261
0.65781,0.65781,0.65781
0.65301,0.65301,0.65301
0.64821,0.64821,0.64821
0.64341,0.64341,0.64341
0.63862,0.63862,0.63862
0.63382,0.63382,0.63382
0.62902,0.62902,0.62902
0.62422,0.62422,0.62422
0.61942,0.61942,0.61942
0.61463,0.61463,0.61463
0.60983,0.60983,0.60983
0.60503,0.60503,0.60503
0.60023,0.60023,0.60023
0.59543,0.59543,0.59543
0.59063,0.59063,0.59063
0.58608,0.58608,0.58608
0.58178,0.58178,0.58178
0.57747,0.57747,0.57747
0.57316,0.57316,0.57316
0.56886,0.56886,0.56886
0.56455,0.56455,0.56455
0.56025,0.56025,0.56025
0.55594,0.55594,0.55594
0.55163,0.55163,0.55163
0.54733,0.54733,0.54733
0.54302,0.54302,0.54302
0.53872,0.53872,0.53872
0.53441,0.53441,0.53441
0.53010,0.53010,0.53010
0.52580,0.52580,0.52580
0.52149,0.52149,0.52149
0.51719,0.51719,0.51719
0.51288,0.51288,0.51288
0.50857,0.50857,0.50857
0.50427,0.50427,0.50427
0.49996,0.49996,0.49996
0.49566,0.49566,0.49566
0.49135,0.49135,0.49135
0.48704,0.48704,0.48704
0.48274,0.48274,0.48274
0.47843,0.47843,0.47843
0.47413,0.47413,0.47413
0.46982,0.46982,0.46982
0.46551,0.46551,0.46551
0.46121,0.46121,0.46121
0.45690,0.45690,0.45690
0.45260,0.45260,0.45260
0.44844,0.44844,0.44844
0.44438,0.44438,0.44438
0.44032,0.44032,0.44032
0.43626,0.43626,0.43626
0.43220,0.43220,0.43220
0.42814,0.42814,0.42814
0.42408,0.42408,0.42408
0.42002,0.42002,0.42002
0.41596,0.41596,0.41596
0.41190,0.41190,0.41190
0.40784,0.40784,0.40784
0.40378,0.40378,0.40378
0.39972,0.39972,0.39972
0.39566,0.39566,0.39566
0.39160,0.39160,0.39160
0.38754,0.38754,0.38754
0.38348,0.38348,0.38348
0.37942,0.37942,0.37942
0.37536,0.37536,0.37536
0.37130,0.37130,0.37130
0.36724,0.36724,0.36724
0.36318,0.36318,0.36318
0.35912,0.35912,0.35912
0.35506,0.35506,0.35506
0.35100,0.35100,0.35100
0.34694,0.34694,0.34694
0.34288,0.34288,0.34288
0.33882,0.33882,0.33882
0.33476,0.33476,0.33476
0.33070,0.33070,0.33070
0.32664,0.32664,0.32664
0.32258,0.32258,0.32258
0.31742,0.31742,0.31742
0.31188,0.31188,0.31188
0.30634,0.30634,0.30634
0.30081,0.30081,0.30081
0.29527,0.29527,0.29527
0.28973,0.28973,0.28973
0.28420,0.28420,0.28420
0.27866,0.27866,0.27866
0.27313,0.27313,0.27313
0.26759,0.26759,0.26759
0.26205,0.26205,0.26205
0.25652,0.25652,0.25652
0.25098,0.25098,0.25098
0.24544,0.24544,0.24544
0.23991,0.23991,0.23991
0.23437,0.23437,0.23437
0.22884,0.22884,0.22884
0.22330,0.22330,0.22330
0.21776,0.21776,0.21776
0.21223,0.21223,0.21223
0.20669,0.20669,0.20669
0.20115,0.20115,0.20115
0.19562,0.19562,0.19562
0.19008,0.19008,0.19008
0.18454,0.18454,0.18454
0.17901,0.17901,0.17901
0.17347,0.17347,0.17347
0.16794,0.16794,0.16794
0.16240,0.16240,0.16240
0.15686,0.15686,0.15686
0.15133,0.15133,0.15133
0.14579,0.14579,0.14579
0.14111,0.14111,0.14111
0.13656,0.13656,0.13656
0.13201,0.13201,0.13201
0.12746,0.12746,0.12746
0.12291,0.12291,0.12291
0.11835,0.11835,0.11835
0.11380,0.11380,0.11380
0.10925,0.10925,0.10925
0.10470,0.10470,0.10470
0.10015,0.10015,0.10015
0.09559,0.09559,0.09559
0.09104,0.09104,0.09104
0.08649,0.08649,0.08649
0.08194,0.08194,0.08194
0.07739,0.07739,0.07739
0.07283,0.07283,0.07283
0.06828,0.06828,0.06828
0.06373,0.06373,0.06373
0.05918,0.05918,0.05918
0.05463,0.05463,0.05463
0.05007,0.05007,0.05007
0.04552,0.04552,0.04552
0.04097,0.04097,0.04097
0.03642,0.03642,0.03642
0.03186,0.03186,0.03186
0.02731,0.02731,0.02731
0.02276,0.02276,0.02276
0.01821,0.01821,0.01821
0.01366,0.01366,0.01366
0.00910,0.00910,0.00910
0.00455,0.00455,0.00455
0.00000,0.00000,0.00000
