0.00000,0.00000,0.00000
0.03660,0.00000,0.04183
0.07321,0.00000,0.08365
0.10981,0.00000,0.12548
0.14642,0.00000,0.16731
0.18302,0.00000,0.20914
0.21962,0.00000,0.25096
0.25623,0.00000,0.29279
0.29283,0.00000,0.33462
0.32944,0.00000,0.37645
0.36604,0.00000,0.41827
0.40264,0.00000,0.46010
0.43925,0.00000,0.50193
0.46801,0.00000,0.53461
0.47323,0.00000,0.53984
0.47845,0.00000,0.54507
0.48368,0.00000,0.55030
0.48890,0.00000,0.55553
0.49412,0.00000,0.56076
0.49935,0.00000,0.56600
0.50457,0.00000,0.57123
0.50979,0.00000,0.57646
0.51502,0.00000,0.58169
0.52024,0.00000,0.58692
0.52546,0.00000,0.59215
0.53069,0.00000,0.59738
0.51239,0.00000,0.60262
0.47056,0.00000,0.60785
0.42873,0.00000,0.61308
0.38690,0.00000,0.61831
0.34508,0.00000,0.62354
0.30325,0.00000,0.62877
0.26142,0.00000,0.63400
0.21959,0.00000,0.63924
0.17777,0.00000,0.64447
0.13594,0.00000,0.64970
0.09411,0.00000,0.65493
0.05228,0.00000,0.66016
0.01046,0.00000,0.66539
0.00000,0.00000,0.67846
0.00000,0.00000,0.69415
0.00000,0.00000,0.70984
0.00000,0.00000,0.72552
0.00000,0.00000,0.74121
0.00000,0.00000,0.75690
0.00000,0.00000,0.77258
0.00000,0.00000,0.78827
0.00000,0.00000,0.80395
0.00000,0.00000,0.81964
0.00000,0.00000,0.83533
0.00000,0.00000,0.85101
0.00000,0.00000,0.86670
0.00000,0.03660,0.86670
0.00000,0.07321,0.86670
0.00000,0.10981,0.86670
0.00000,0.14642,0.86670
0.00000,0.18302,0.86670
0.00000,0.21962,0.86670
0.00000,0.25623,0.86670
0.00000,0.29283,0.86670
0.00000,0.32944,0.86670
0.00000,0.36604,0.86670
0.00000,0.40264,0.86670
0.00000,0.43925,0.86670
0.00000,0.46931,0.86670
0.00000,0.47977,0.86670
0.00000,0.49022,0.86670
0.00000,0.50068,0.86670
0.00000,0.51113,0.86670
0.00000,0.52159,0.86670
0.00000,0.53204,0.86670
0.00000,0.54250,0.86670
0.00000,0.55295,0.86670
0.00000,0.56341,0.86670
0.00000,0.57386,0.86670
0.00000,0.58432,0.86670
0.00000,0.59477,0.86670
0.00000,0.60262,0.85886
0.00000,0.60785,0.84317
0.00000,0.61308,0.82748
0.00000,0.61831,0.81180
0.00000,0.62354,0.79611
0.00000,0.62877,0.78043
0.00000,0.63400,0.76474
0.00000,0.63924,0.74905
0.00000,0.64447,0.73337
0.00000,0.64970,0.71768
0.00000,0.65493,0.70199
0.00000,0.66016,0.68631
0.00000,0.66539,0.67062
0.00000,0.66670,0.65885
0.00000,0.66670,0.64839
0.00000,0.66670,0.63793
0.00000,0.66670,0.62746
0.00000,0.66670,0.61700
0.00000,0.66670,0.60654
0.00000,0.66670,0.59608
0.00000,0.66670,0.58561
0.00000,0.66670,0.57515
0.00000,0.66670,0.56469
0.00000,0.66670,0.55423
0.00000,0.66670,0.54376
0.00000,0.66670,0.53330
0.00000,0.66147,0.49147
0.00000,0.65624,0.44965
0.00000,0.65101,0.40782
0.00000,0.64577,0.36599
0.00000,0.64054,0.32416
0.00000,0.63531,0.28234
0.00000,0.63008,0.24051
0.00000,0.62485,0.19868
0.00000,0.61962,0.15685
0.00000,0.61439,0.11503
0.00000,0.60915,0.07320
0.00000,0.60392,0.03137
0.00000,0.60261,0.00000
0.00000,0.61307,0.00000
0.00000,0.62352,0.00000
0.00000,0.63398,0.00000
0.00000,0.64443,0.00000
0.00000,0.65489,0.00000
0.00000,0.66534,0.00000
0.00000,0.67580,0.00000
0.00000,0.68625,0.00000
0.00000,0.69671,0.00000
0.00000,0.70716,0.00000
0.00000,0.71762,0.00000
0.00000,0.72807,0.00000
0.00000,0.73853,0.00000
0.00000,0.74899,0.00000
0.00000,0.75946,0.00000
0.00000,0.76992,0.00000
0.00000,0.78038,0.00000
0.00000,0.79085,0.00000
0.00000,0.80131,0.00000
0.00000,0.81177,0.00000
0.00000,0.82223,0.00000
0.00000,0.83270,0.00000
0.00000,0.84316,0.00000
0.00000,0.85362,0.00000
0.00000,0.86408,0.00000
0.00000,0.87454,0.00000
0.00000,0.88500,0.00000
0.00000,0.89545,0.00000
0.00000,0.90591,0.00000
0.00000,0.91636,0.00000
0.00000,0.92682,0.00000
0.00000,0.93727,0.00000
0.00000,0.94773,0.00000
0.00000,0.95818,0.00000
0.00000,0.96864,0.00000
0.00000,0.97909,0.00000
0.00000,0.98955,0.00000
0.00000,1.00000,0.00000
0.05751,1.00000,0.00000
0.11503,1.00000,0.00000
0.17254,1.00000,0.00000
0.23005,1.00000,0.00000
0.28757,1.00000,0.00000
0.34508,1.00000,0.00000
0.40260,1.00000,0.00000
0.46011,1.00000,0.00000
0.51762,1.00000,0.00000
0.57514,1.00000,0.00000
0.63265,1.00000,0.00000
0.69016,1.00000,0.00000
0.73722,0.99869,0.00000
0.75291,0.99346,0.00000
0.76859,0.98823,0.00000
0.78428,0.98300,0.00000
0.79997,0.97777,0.00000
0.81565,0.97254,0.00000
0.83134,0.96730,0.00000
0.84703,0.96207,0.00000
0.86271,0.95684,0.00000
0.87840,0.95161,0.00000
0.89408,0.94638,0.00000
0.90977,0.94115,0.00000
0.92546,0.93592,0.00000
0.93592,0.92807,0.00000
0.94115,0.91762,0.00000
0.94638,0.90716,0.00000
0.95161,0.89671,0.00000
0.95684,0.88625,0.00000
0.96207,0.87580,0.00000
0.96730,0.86534,0.00000
0.97254,0.85489,0.00000
0.97777,0.84443,0.00000
0.98300,0.83398,0.00000
0.98823,0.82352,0.00000
0.99346,0.81307,0.00000
0.99869,0.80261,0.00000
1.00000,0.78824,0.00000
1.00000,0.77255,0.00000
1.00000,0.75686,0.00000
1.00000,0.74118,0.00000
1.00000,0.72549,0.00000
1.00000,0.70980,0.00000
1.00000,0.69412,0.00000
1.00000,0.67843,0.00000
1.00000,0.66275,0.00000
1.00000,0.64706,0.00000
1.00000,0.63137,0.00000
1.00000,0.61569,0.00000
1.00000,0.60000,0.00000
1.00000,0.55294,0.00000
1.00000,0.50588,0.00000
1.00000,0.45882,0.00000
1.00000,0.41176,0.00000
1.00000,0.36471,0.00000
1.00000,0.31765,0.00000
1.00000,0.27059,0.00000
1.00000,0.22353,0.00000
1.00000,0.17647,0.00000
1.00000,0.12941,0.00000
1.00000,0.08235,0.00000
1.00000,0.03529,0.00000
0.99739,0.00000,0.00000
0.98693,0.00000,0.00000
0.97648,0.00000,0.00000
0.96602,0.00000,0.00000
0.95557,0.00000,0.00000
0.94511,0.00000,0.00000
0.93466,0.00000,0.00000
0.92420,0.00000,0.00000
0.91375,0.00000,0.00000
0.90329,0.00000,0.00000
0.89284,0.00000,0.00000
0.88238,0.00000,0.00000
0.87193,0.00000,0.00000
0.86408,0.00000,0.00000
0.85885,0.00000,0.00000
0.85362,0.00000,0.00000
0.84839,0.00000,0.00000
0.84316,0.00000,0.00000
0.83793,0.00000,0.00000
0.83270,0.00000,0.00000
0.82746,0.00000,0.00000
0.82223,0.00000,0.00000
0.81700,0.00000,0.00000
0.81177,0.00000,0.00000
0.80654,0.00000,0.00000
0.80131,0.00000,0.00000
0.80000,0.04706,0.04706
0.80000,0.10980,0.10980
0.80000,0.17255,0.17255
0.80000,0.23529,0.23529
0.80000,0.29804,0.29804
0.80000,0.36078,0.36078
0.80000,0.42353,0.42353
0.80000,0.48627,0.48627
0.80000,0.54902,0.54902
0.80000,0.61176,0.61176
0.80000,0.67451,0.67451
0.80000,0.73725,0.73725
0.80000,0.80000,0.80000
