1.00000,0.96863,0.92549
0.99988,0.96678,0.92106
0.99975,0.96494,0.91663
0.99963,0.96309,0.91220
0.99951,0.96125,0.90777
0.99938,0.95940,0.90334
0.99926,0.95755,0.89892
0.99914,0.95571,0.89449
0.99902,0.95386,0.89006
0.99889,0.95202,0.88563
0.99877,0.95017,0.88120
0.99865,0.94833,0.87677
0.99852,0.94648,0.87234
0.99840,0.94464,0.86791
0.99828,0.94279,0.86348
0.99815,0.94095,0.85905
0.99803,0.93910,0.85463
0.99791,0.93725,0.85020
0.99779,0.93541,0.84577
0.99766,0.93356,0.84134
0.99754,0.93172,0.83691
0.99742,0.92987,0.83248
0.99729,0.92803,0.82805
0.99717,0.92618,0.82362
0.99705,0.92434,0.81919
0.99692,0.92249,0.81476
0.99680,0.92065,0.81033
0.99668,0.91880,0.80591
0.99656,0.91696,0.80148
0.99643,0.91511,0.79705
0.99631,0.91326,0.79262
0.99619,0.91142,0.78819
0.99606,0.90950,0.78367
0.99594,0.90704,0.77850
0.99582,0.90458,0.77333
0.99569,0.90211,0.76817
0.99557,0.89965,0.76300
0.99545,0.89719,0.75783
0.99532,0.89473,0.75266
0.99520,0.89227,0.74750
0.99508,0.88981,0.74233
0.99496,0.88735,0.73716
0.99483,0.88489,0.73200
0.99471,0.88243,0.72683
0.99459,0.87997,0.72166
0.99446,0.87751,0.71649
0.99434,0.87505,0.71133
0.99422,0.87259,0.70616
0.99409,0.87013,0.70099
0.99397,0.86767,0.69582
0.99385,0.86521,0.69066
0.99373,0.86275,0.68549
0.99360,0.86028,0.68032
0.99348,0.85782,0.67516
0.99336,0.85536,0.66999
0.99323,0.85290,0.66482
0.99311,0.85044,0.65965
0.99299,0.84798,0.65449
0.99286,0.84552,0.64932
0.99274,0.84306,0.64415
0.99262,0.84060,0.63899
0.99250,0.83814,0.63382
0.99237,0.83568,0.62865
0.99225,0.83322,0.62348
0.99216,0.83060,0.61881
0.99216,0.82753,0.61561
0.99216,0.82445,0.61241
0.99216,0.82138,0.60921
0.99216,0.81830,0.60601
0.99216,0.81522,0.60281
0.99216,0.81215,0.59962
0.99216,0.80907,0.59642
0.99216,0.80600,0.59322
0.99216,0.80292,0.59002
0.99216,0.79985,0.58682
0.99216,0.79677,0.58362
0.99216,0.79369,0.58042
0.99216,0.79062,0.57722
0.99216,0.78754,0.57403
0.99216,0.78447,0.57083
0.99216,0.78139,0.56763
0.99216,0.77832,0.56443
0.99216,0.77524,0.56123
0.99216,0.77216,0.55803
0.99216,0.76909,0.55483
0.99216,0.76601,0.55163
0.99216,0.76294,0.54844
0.99216,0.75986,0.54524
0.99216,0.75679,0.54204
0.99216,0.75371,0.53884
0.99216,0.75063,0.53564
0.99216,0.74756,0.53244
0.99216,0.74448,0.52924
0.99216,0.74141,0.52604
0.99216,0.73833,0.52285
0.99216,0.73526,0.51965
0.99211,0.73121,0.51566
0.99199,0.72555,0.51037
0.99186,0.71989,0.50508
0.99174,0.71423,0.49979
0.99162,0.70857,0.49450
0.99150,0.70291,0.48921
0.99137,0.69725,0.48392
0.99125,0.69160,0.47863
0.99113,0.68594,0.47334
0.99100,0.68028,0.46805
0.99088,0.67462,0.46276
0.99076,0.66896,0.45747
0.99063,0.66330,0.45218
0.99051,0.65764,0.44689
0.99039,0.65198,0.44160
0.99027,0.64632,0.43631
0.99014,0.64066,0.43102
0.99002,0.63500,0.42573
0.98990,0.62934,0.42044
0.98977,0.62368,0.41515
0.98965,0.61802,0.40986
0.98953,0.61236,0.40457
0.98940,0.60671,0.39928
0.98928,0.60105,0.39399
0.98916,0.59539,0.38870
0.98903,0.58973,0.38341
0.98891,0.58407,0.37812
0.98879,0.57841,0.37283
0.98867,0.57275,0.36754
0.98854,0.56709,0.36225
0.98842,0.56143,0.35696
0.98830,0.55577,0.35166
0.98744,0.55048,0.34797
0.98584,0.54556,0.34588
0.98424,0.54064,0.34379
0.98264,0.53572,0.34170
0.98104,0.53080,0.33961
0.97944,0.52587,0.33752
0.97784,0.52095,0.33542
0.97624,0.51603,0.33333
0.97464,0.51111,0.33124
0.97304,0.50619,0.32915
0.97144,0.50127,0.32706
0.96984,0.49635,0.32497
0.96824,0.49143,0.32288
0.96664,0.48651,0.32078
0.96504,0.48158,0.31869
0.96344,0.47666,0.31660
0.96185,0.47174,0.31451
0.96025,0.46682,0.31242
0.95865,0.46190,0.31033
0.95705,0.45698,0.30824
0.95545,0.45206,0.30614
0.95385,0.44714,0.30405
0.95225,0.44221,0.30196
0.95065,0.43729,0.29987
0.94905,0.43237,0.29778
0.94745,0.42745,0.29569
0.94585,0.42253,0.29359
0.94425,0.41761,0.29150
0.94265,0.41269,0.28941
0.94105,0.40777,0.28732
0.93945,0.40285,0.28523
0.93785,0.39792,0.28314
0.93541,0.39200,0.27920
0.93246,0.38548,0.27416
0.92950,0.37896,0.26911
0.92655,0.37244,0.26407
0.92360,0.36592,0.25902
0.92065,0.35940,0.25398
0.91769,0.35288,0.24894
0.91474,0.34636,0.24389
0.91179,0.33984,0.23885
0.90884,0.33332,0.23380
0.90588,0.32680,0.22876
0.90293,0.32028,0.22371
0.89998,0.31376,0.21867
0.89702,0.30724,0.21363
0.89407,0.30072,0.20858
0.89112,0.29419,0.20354
0.88817,0.28767,0.19849
0.88521,0.28115,0.19345
0.88226,0.27463,0.18840
0.87931,0.26811,0.18336
0.87636,0.26159,0.17832
0.87340,0.25507,0.17327
0.87045,0.24855,0.16823
0.86750,0.24203,0.16318
0.86454,0.23551,0.15814
0.86159,0.22899,0.15309
0.85864,0.22247,0.14805
0.85569,0.21595,0.14301
0.85273,0.20943,0.13796
0.84978,0.20291,0.13292
0.84683,0.19639,0.12787
0.84388,0.18987,0.12283
0.83982,0.18381,0.11871
0.83539,0.17790,0.11489
0.83096,0.17200,0.11108
0.82653,0.16609,0.10727
0.82210,0.16018,0.10345
0.81767,0.15428,0.09964
0.81324,0.14837,0.09582
0.80881,0.14247,0.09201
0.80438,0.13656,0.08820
0.79995,0.13066,0.08438
0.79552,0.12475,0.08057
0.79110,0.11885,0.07676
0.78667,0.11294,0.07294
0.78224,0.10704,0.06913
0.77781,0.10113,0.06531
0.77338,0.09522,0.06150
0.76895,0.08932,0.05769
0.76452,0.08341,0.05387
0.76009,0.07751,0.05006
0.75566,0.07160,0.04624
0.75123,0.06570,0.04243
0.74681,0.05979,0.03862
0.74238,0.05389,0.03480
0.73795,0.04798,0.03099
0.73352,0.04208,0.02717
0.72909,0.03617,0.02336
0.72466,0.03027,0.01955
0.72023,0.02436,0.01573
0.71580,0.01845,0.01192
0.71137,0.01255,0.00810
0.70694,0.00664,0.00429
0.70251,0.00074,0.00048
0.69636,0.00000,0.00000
0.68997,0.00000,0.00000
0.68357,0.00000,0.00000
0.67717,0.00000,0.00000
0.67077,0.00000,0.00000
0.66438,0.00000,0.00000
0.65798,0.00000,0.00000
0.65158,0.00000,0.00000
0.64518,0.00000,0.00000
0.63879,0.00000,0.00000
0.63239,0.00000,0.00000
0.62599,0.00000,0.00000
0.61959,0.00000,0.00000
0.61319,0.00000,0.00000
0.60680,0.00000,0.00000
0.60040,0.00000,0.00000
0.59400,0.00000,0.00000
0.58760,0.00000,0.00000
0.58121,0.00000,0.00000
0.57481,0.00000,0.00000
0.56841,0.00000,0.00000
0.56201,0.00000,0.00000
0.55562,0.00000,0.00000
0.54922,0.00000,0.00000
0.54282,0.00000,0.00000
0.53642,0.00000,0.00000
0.53003,0.00000,0.00000
0.52363,0.00000,0.00000
0.51723,0.00000,0.00000
0.51083,0.00000,0.00000
0.50444,0.00000,0.00000
0.49804,0.00000,0.00000
