0.55686,0.00392,0.32157
0.56532,0.00792,0.32818
0.57378,0.01192,0.33479
0.58224,0.01592,0.34141
0.59070,0.01992,0.34802
0.59915,0.02391,0.35463
0.60761,0.02791,0.36125
0.61607,0.03191,0.36786
0.62453,0.03591,0.37447
0.63299,0.03991,0.38108
0.64145,0.04391,0.38770
0.64990,0.04790,0.39431
0.65836,0.05190,0.40092
0.66682,0.05590,0.40754
0.67528,0.05990,0.41415
0.68374,0.06390,0.42076
0.69220,0.06790,0.42737
0.70065,0.07190,0.43399
0.70911,0.07589,0.44060
0.71757,0.07989,0.44721
0.72603,0.08389,0.45383
0.73449,0.08789,0.46044
0.74295,0.09189,0.46705
0.75140,0.09589,0.47366
0.75986,0.09988,0.48028
0.76832,0.10388,0.48689
0.77447,0.11296,0.49396
0.77832,0.12710,0.50150
0.78216,0.14125,0.50903
0.78601,0.15540,0.51657
0.78985,0.16955,0.52411
0.79369,0.18370,0.53164
0.79754,0.19785,0.53918
0.80138,0.21200,0.54671
0.80523,0.22614,0.55425
0.80907,0.24029,0.56178
0.81292,0.25444,0.56932
0.81676,0.26859,0.57686
0.82061,0.28274,0.58439
0.82445,0.29689,0.59193
0.82830,0.31103,0.59946
0.83214,0.32518,0.60700
0.83599,0.33933,0.61453
0.83983,0.35348,0.62207
0.84368,0.36763,0.62960
0.84752,0.38178,0.63714
0.85136,0.39592,0.64468
0.85521,0.41007,0.65221
0.85905,0.42422,0.65975
0.86290,0.43837,0.66728
0.86674,0.45252,0.67482
0.87059,0.46667,0.68235
0.87351,0.47636,0.68912
0.87643,0.48604,0.69589
0.87935,0.49573,0.70265
0.88228,0.50542,0.70942
0.88520,0.51511,0.71619
0.88812,0.52480,0.72295
0.89104,0.53449,0.72972
0.89396,0.54418,0.73649
0.89689,0.55386,0.74325
0.89981,0.56355,0.75002
0.90273,0.57324,0.75679
0.90565,0.58293,0.76355
0.90857,0.59262,0.77032
0.91150,0.60231,0.77709
0.91442,0.61200,0.78385
0.91734,0.62168,0.79062
0.92026,0.63137,0.79739
0.92318,0.64106,0.80415
0.92611,0.65075,0.81092
0.92903,0.66044,0.81769
0.93195,0.67013,0.82445
0.93487,0.67982,0.83122
0.93779,0.68950,0.83799
0.94072,0.69919,0.84475
0.94364,0.70888,0.85152
0.94602,0.71696,0.85652
0.94787,0.72341,0.85975
0.94971,0.72987,0.86298
0.95156,0.73633,0.86621
0.95340,0.74279,0.86943
0.95525,0.74925,0.87266
0.95709,0.75571,0.87589
0.95894,0.76217,0.87912
0.96078,0.76863,0.88235
0.96263,0.77509,0.88558
0.96448,0.78155,0.88881
0.96632,0.78800,0.89204
0.96817,0.79446,0.89527
0.97001,0.80092,0.89850
0.97186,0.80738,0.90173
0.97370,0.81384,0.90496
0.97555,0.82030,0.90819
0.97739,0.82676,0.91142
0.97924,0.83322,0.91465
0.98108,0.83968,0.91788
0.98293,0.84614,0.92111
0.98478,0.85260,0.92434
0.98662,0.85905,0.92757
0.98847,0.86551,0.93080
0.99031,0.87197,0.93403
0.99216,0.87843,0.93725
0.99123,0.88197,0.93849
0.99031,0.88551,0.93972
0.98939,0.88904,0.94095
0.98847,0.89258,0.94218
0.98754,0.89612,0.94341
0.98662,0.89965,0.94464
0.98570,0.90319,0.94587
0.98478,0.90673,0.94710
0.98385,0.91027,0.94833
0.98293,0.91380,0.94956
0.98201,0.91734,0.95079
0.98108,0.92088,0.95202
0.98016,0.92441,0.95325
0.97924,0.92795,0.95448
0.97832,0.93149,0.95571
0.97739,0.93502,0.95694
0.97647,0.93856,0.95817
0.97555,0.94210,0.95940
0.97463,0.94564,0.96063
0.97370,0.94917,0.96186
0.97278,0.95271,0.96309
0.97186,0.95625,0.96432
0.97093,0.95978,0.96555
0.97001,0.96332,0.96678
0.96909,0.96686,0.96801
0.96732,0.96847,0.96563
0.96471,0.96817,0.95963
0.96209,0.96786,0.95363
0.95948,0.96755,0.94764
0.95686,0.96724,0.94164
0.95425,0.96694,0.93564
0.95163,0.96663,0.92964
0.94902,0.96632,0.92364
0.94641,0.96601,0.91765
0.94379,0.96571,0.91165
0.94118,0.96540,0.90565
0.93856,0.96509,0.89965
0.93595,0.96478,0.89366
0.93333,0.96448,0.88766
0.93072,0.96417,0.88166
0.92810,0.96386,0.87566
0.92549,0.96355,0.86967
0.92288,0.96324,0.86367
0.92026,0.96294,0.85767
0.91765,0.96263,0.85167
0.91503,0.96232,0.84567
0.91242,0.96201,0.83968
0.90980,0.96171,0.83368
0.90719,0.96140,0.82768
0.90458,0.96109,0.82168
0.90196,0.96078,0.81569
0.89489,0.95771,0.80431
0.88781,0.95463,0.79293
0.88074,0.95156,0.78155
0.87366,0.94848,0.77017
0.86659,0.94541,0.75879
0.85952,0.94233,0.74740
0.85244,0.93925,0.73602
0.84537,0.93618,0.72464
0.83829,0.93310,0.71326
0.83122,0.93003,0.70188
0.82414,0.92695,0.69050
0.81707,0.92388,0.67912
0.81000,0.92080,0.66774
0.80292,0.91772,0.65636
0.79585,0.91465,0.64498
0.78877,0.91157,0.63360
0.78170,0.90850,0.62222
0.77463,0.90542,0.61084
0.76755,0.90235,0.59946
0.76048,0.89927,0.58808
0.75340,0.89619,0.57670
0.74633,0.89312,0.56532
0.73925,0.89004,0.55394
0.73218,0.88697,0.54256
0.72511,0.88389,0.53118
0.71719,0.87951,0.52018
0.70842,0.87382,0.50957
0.69965,0.86813,0.49896
0.69089,0.86244,0.48835
0.68212,0.85675,0.47774
0.67336,0.85106,0.46713
0.66459,0.84537,0.45652
0.65582,0.83968,0.44591
0.64706,0.83399,0.43529
0.63829,0.82830,0.42468
0.62953,0.82261,0.41407
0.62076,0.81692,0.40346
0.61200,0.81123,0.39285
0.60323,0.80554,0.38224
0.59446,0.79985,0.37163
0.58570,0.79416,0.36101
0.57693,0.78847,0.35040
0.56817,0.78278,0.33979
0.55940,0.77709,0.32918
0.55063,0.77140,0.31857
0.54187,0.76571,0.30796
0.53310,0.76002,0.29735
0.52434,0.75433,0.28674
0.51557,0.74864,0.27612
0.50681,0.74295,0.26551
0.49804,0.73725,0.25490
0.49035,0.73080,0.24998
0.48266,0.72434,0.24506
0.47497,0.71788,0.24014
0.46728,0.71142,0.23522
0.45959,0.70496,0.23030
0.45190,0.69850,0.22537
0.44421,0.69204,0.22045
0.43652,0.68558,0.21553
0.42884,0.67912,0.21061
0.42115,0.67266,0.20569
0.41346,0.66621,0.20077
0.40577,0.65975,0.19585
0.39808,0.65329,0.19093
0.39039,0.64683,0.18601
0.38270,0.64037,0.18108
0.37501,0.63391,0.17616
0.36732,0.62745,0.17124
0.35963,0.62099,0.16632
0.35194,0.61453,0.16140
0.34425,0.60807,0.15648
0.33656,0.60161,0.15156
0.32887,0.59516,0.14664
0.32118,0.58870,0.14171
0.31349,0.58224,0.13679
0.30581,0.57578,0.13187
0.29904,0.56901,0.12880
0.29319,0.56194,0.12757
0.28735,0.55486,0.12634
0.28151,0.54779,0.12511
0.27566,0.54072,0.12388
0.26982,0.53364,0.12265
0.26398,0.52657,0.12141
0.25813,0.51949,0.12018
0.25229,0.51242,0.11895
0.24644,0.50534,0.11772
0.24060,0.49827,0.11649
0.23476,0.49120,0.11526
0.22891,0.48412,0.11403
0.22307,0.47705,0.11280
0.21722,0.46997,0.11157
0.21138,0.46290,0.11034
0.20554,0.45582,0.10911
0.19969,0.44875,0.10788
0.19385,0.44168,0.10665
0.18800,0.43460,0.10542
0.18216,0.42753,0.10419
0.17632,0.42045,0.10296
0.17047,0.41338,0.10173
0.16463,0.40631,0.10050
0.15879,0.39923,0.09927
0.15294,0.39216,0.09804
