0.25098,0.00000,0.29412
0.25928,0.00646,0.30273
0.26759,0.01292,0.31134
0.27589,0.01938,0.31995
0.28420,0.02584,0.32857
0.29250,0.03230,0.33718
0.30081,0.03875,0.34579
0.30911,0.04521,0.35440
0.31742,0.05167,0.36301
0.32572,0.05813,0.37163
0.33403,0.06459,0.38024
0.34233,0.07105,0.38885
0.35063,0.07751,0.39746
0.35894,0.08397,0.40607
0.36724,0.09043,0.41469
0.37555,0.09689,0.42330
0.38385,0.10334,0.43191
0.39216,0.10980,0.44052
0.40046,0.11626,0.44913
0.40877,0.12272,0.45775
0.41707,0.12918,0.46636
0.42537,0.13564,0.47497
0.43368,0.14210,0.48358
0.44198,0.14856,0.49220
0.45029,0.15502,0.50081
0.45859,0.16148,0.50942
0.46544,0.17009,0.51680
0.47082,0.18085,0.52295
0.47620,0.19162,0.52910
0.48158,0.20238,0.53526
0.48697,0.21315,0.54141
0.49235,0.22391,0.54756
0.49773,0.23468,0.55371
0.50311,0.24544,0.55986
0.50850,0.25621,0.56601
0.51388,0.26697,0.57216
0.51926,0.27774,0.57832
0.52464,0.28850,0.58447
0.53003,0.29927,0.59062
0.53541,0.31003,0.59677
0.54079,0.32080,0.60292
0.54617,0.33156,0.60907
0.55156,0.34233,0.61522
0.55694,0.35309,0.62138
0.56232,0.36386,0.62753
0.56770,0.37463,0.63368
0.57309,0.38539,0.63983
0.57847,0.39616,0.64598
0.58385,0.40692,0.65213
0.58923,0.41769,0.65829
0.59462,0.42845,0.66444
0.60000,0.43922,0.67059
0.60631,0.44737,0.67612
0.61261,0.45552,0.68166
0.61892,0.46367,0.68720
0.62522,0.47182,0.69273
0.63153,0.47997,0.69827
0.63783,0.48812,0.70381
0.64414,0.49627,0.70934
0.65044,0.50442,0.71488
0.65675,0.51257,0.72042
0.66305,0.52072,0.72595
0.66936,0.52887,0.73149
0.67566,0.53702,0.73702
0.68197,0.54517,0.74256
0.68827,0.55333,0.74810
0.69458,0.56148,0.75363
0.70088,0.56963,0.75917
0.70719,0.57778,0.76471
0.71349,0.58593,0.77024
0.71980,0.59408,0.77578
0.72611,0.60223,0.78131
0.73241,0.61038,0.78685
0.73872,0.61853,0.79239
0.74502,0.62668,0.79792
0.75133,0.63483,0.80346
0.75763,0.64298,0.80900
0.76363,0.65067,0.81369
0.76932,0.65790,0.81753
0.77501,0.66513,0.82138
0.78070,0.67236,0.82522
0.78639,0.67958,0.82907
0.79208,0.68681,0.83291
0.79777,0.69404,0.83676
0.80346,0.70127,0.84060
0.80915,0.70850,0.84444
0.81484,0.71572,0.84829
0.82053,0.72295,0.85213
0.82622,0.73018,0.85598
0.83191,0.73741,0.85982
0.83760,0.74464,0.86367
0.84329,0.75186,0.86751
0.84898,0.75909,0.87136
0.85467,0.76632,0.87520
0.86036,0.77355,0.87905
0.86605,0.78078,0.88289
0.87174,0.78800,0.88674
0.87743,0.79523,0.89058
0.88312,0.80246,0.89443
0.88881,0.80969,0.89827
0.89450,0.81692,0.90211
0.90019,0.82414,0.90596
0.90588,0.83137,0.90980
0.90834,0.83676,0.91211
0.91080,0.84214,0.91442
0.91326,0.84752,0.91672
0.91572,0.85290,0.91903
0.91819,0.85829,0.92134
0.92065,0.86367,0.92364
0.92311,0.86905,0.92595
0.92557,0.87443,0.92826
0.92803,0.87982,0.93057
0.93049,0.88520,0.93287
0.93295,0.89058,0.93518
0.93541,0.89596,0.93749
0.93787,0.90135,0.93979
0.94033,0.90673,0.94210
0.94279,0.91211,0.94441
0.94525,0.91749,0.94671
0.94771,0.92288,0.94902
0.95017,0.92826,0.95133
0.95263,0.93364,0.95363
0.95509,0.93902,0.95594
0.95755,0.94441,0.95825
0.96002,0.94979,0.96055
0.96248,0.95517,0.96286
0.96494,0.96055,0.96517
0.96740,0.96594,0.96747
0.96632,0.96809,0.96586
0.96171,0.96701,0.96032
0.95709,0.96594,0.95479
0.95248,0.96486,0.94925
0.94787,0.96378,0.94371
0.94325,0.96271,0.93818
0.93864,0.96163,0.93264
0.93403,0.96055,0.92710
0.92941,0.95948,0.92157
0.92480,0.95840,0.91603
0.92018,0.95732,0.91050
0.91557,0.95625,0.90496
0.91096,0.95517,0.89942
0.90634,0.95409,0.89389
0.90173,0.95302,0.88835
0.89712,0.95194,0.88281
0.89250,0.95087,0.87728
0.88789,0.94979,0.87174
0.88328,0.94871,0.86621
0.87866,0.94764,0.86067
0.87405,0.94656,0.85513
0.86943,0.94548,0.84960
0.86482,0.94441,0.84406
0.86021,0.94333,0.83852
0.85559,0.94225,0.83299
0.85098,0.94118,0.82745
0.84314,0.93795,0.81961
0.83529,0.93472,0.81176
0.82745,0.93149,0.80392
0.81961,0.92826,0.79608
0.81176,0.92503,0.78824
0.80392,0.92180,0.78039
0.79608,0.91857,0.77255
0.78824,0.91534,0.76471
0.78039,0.91211,0.75686
0.77255,0.90888,0.74902
0.76471,0.90565,0.74118
0.75686,0.90242,0.73333
0.74902,0.89919,0.72549
0.74118,0.89596,0.71765
0.73333,0.89273,0.70980
0.72549,0.88950,0.70196
0.71765,0.88627,0.69412
0.70980,0.88304,0.68627
0.70196,0.87982,0.67843
0.69412,0.87659,0.67059
0.68627,0.87336,0.66275
0.67843,0.87013,0.65490
0.67059,0.86690,0.64706
0.66275,0.86367,0.63922
0.65490,0.86044,0.63137
0.64514,0.85536,0.62261
0.63345,0.84844,0.61292
0.62176,0.84152,0.60323
0.61007,0.83460,0.59354
0.59839,0.82768,0.58385
0.58670,0.82076,0.57416
0.57501,0.81384,0.56448
0.56332,0.80692,0.55479
0.55163,0.80000,0.54510
0.53995,0.79308,0.53541
0.52826,0.78616,0.52572
0.51657,0.77924,0.51603
0.50488,0.77232,0.50634
0.49319,0.76540,0.49666
0.48151,0.75848,0.48697
0.46982,0.75156,0.47728
0.45813,0.74464,0.46759
0.44644,0.73772,0.45790
0.43476,0.73080,0.44821
0.42307,0.72388,0.43852
0.41138,0.71696,0.42884
0.39969,0.71003,0.41915
0.38800,0.70311,0.40946
0.37632,0.69619,0.39977
0.36463,0.68927,0.39008
0.35294,0.68235,0.38039
0.34325,0.67405,0.37393
0.33356,0.66574,0.36747
0.32388,0.65744,0.36101
0.31419,0.64913,0.35456
0.30450,0.64083,0.34810
0.29481,0.63253,0.34164
0.28512,0.62422,0.33518
0.27543,0.61592,0.32872
0.26574,0.60761,0.32226
0.25606,0.59931,0.31580
0.24637,0.59100,0.30934
0.23668,0.58270,0.30288
0.22699,0.57439,0.29642
0.21730,0.56609,0.28997
0.20761,0.55779,0.28351
0.19792,0.54948,0.27705
0.18824,0.54118,0.27059
0.17855,0.53287,0.26413
0.16886,0.52457,0.25767
0.15917,0.51626,0.25121
0.14948,0.50796,0.24475
0.13979,0.49965,0.23829
0.13010,0.49135,0.23183
0.12042,0.48304,0.22537
0.11073,0.47474,0.21892
0.10381,0.46659,0.21353
0.09965,0.45859,0.20923
0.09550,0.45060,0.20492
0.09135,0.44260,0.20062
0.08720,0.43460,0.19631
0.08304,0.42661,0.19200
0.07889,0.41861,0.18770
0.07474,0.41061,0.18339
0.07059,0.40261,0.17908
0.06644,0.39462,0.17478
0.06228,0.38662,0.17047
0.05813,0.37862,0.16617
0.05398,0.37063,0.16186
0.04983,0.36263,0.15755
0.04567,0.35463,0.15325
0.04152,0.34664,0.14894
0.03737,0.33864,0.14464
0.03322,0.33064,0.14033
0.02907,0.32265,0.13602
0.02491,0.31465,0.13172
0.02076,0.30665,0.12741
0.01661,0.29865,0.12311
0.01246,0.29066,0.11880
0.00830,0.28266,0.11449
0.00415,0.27466,0.11019
0.00000,0.26667,0.10588
