1.00000,0.96863,0.98431
0.99766,0.96666,0.98321
0.99532,0.96469,0.98210
0.99299,0.96272,0.98099
0.99065,0.96075,0.97988
0.98831,0.95879,0.97878
0.98597,0.95682,0.97767
0.98364,0.95485,0.97656
0.98130,0.95288,0.97546
0.97896,0.95091,0.97435
0.97662,0.94894,0.97324
0.97429,0.94697,0.97213
0.97195,0.94501,0.97103
0.96961,0.94304,0.96992
0.96727,0.94107,0.96881
0.96494,0.93910,0.96770
0.96260,0.93713,0.96660
0.96026,0.93516,0.96549
0.95792,0.93319,0.96438
0.95559,0.93123,0.96328
0.95325,0.92926,0.96217
0.95091,0.92729,0.96106
0.94857,0.92532,0.95995
0.94624,0.92335,0.95885
0.94390,0.92138,0.95774
0.94156,0.91942,0.95663
0.93922,0.91745,0.95552
0.93689,0.91548,0.95442
0.93455,0.91351,0.95331
0.93221,0.91154,0.95220
0.92987,0.90957,0.95110
0.92754,0.90760,0.94999
0.92506,0.90554,0.94884
0.92161,0.90284,0.94736
0.91817,0.90013,0.94588
0.91473,0.89742,0.94441
0.91128,0.89472,0.94293
0.90784,0.89201,0.94145
0.90439,0.88930,0.93998
0.90095,0.88660,0.93850
0.89750,0.88389,0.93702
0.89406,0.88118,0.93555
0.89061,0.87848,0.93407
0.88717,0.87577,0.93260
0.88372,0.87306,0.93112
0.88028,0.87036,0.92964
0.87683,0.86765,0.92817
0.87339,0.86494,0.92669
0.86994,0.86224,0.92521
0.86650,0.85953,0.92374
0.86305,0.85682,0.92226
0.85961,0.85412,0.92078
0.85616,0.85141,0.91931
0.85272,0.84870,0.91783
0.84927,0.84600,0.91636
0.84583,0.84329,0.91488
0.84238,0.84058,0.91340
0.83894,0.83788,0.91193
0.83549,0.83517,0.91045
0.83205,0.83246,0.90897
0.82860,0.82976,0.90750
0.82516,0.82705,0.90602
0.82171,0.82434,0.90454
0.81827,0.82164,0.90307
0.81439,0.81899,0.90162
0.80923,0.81653,0.90027
0.80406,0.81407,0.89892
0.79889,0.81161,0.89756
0.79373,0.80915,0.89621
0.78856,0.80669,0.89486
0.78339,0.80423,0.89350
0.77822,0.80177,0.89215
0.77306,0.79931,0.89080
0.76789,0.79685,0.88944
0.76272,0.79439,0.88809
0.75755,0.79193,0.88674
0.75239,0.78947,0.88538
0.74722,0.78700,0.88403
0.74205,0.78454,0.88268
0.73689,0.78208,0.88132
0.73172,0.77962,0.87997
0.72655,0.77716,0.87862
0.72138,0.77470,0.87726
0.71622,0.77224,0.87591
0.71105,0.76978,0.87456
0.70588,0.76732,0.87320
0.70072,0.76486,0.87185
0.69555,0.76240,0.87050
0.69038,0.75994,0.86914
0.68521,0.75748,0.86779
0.68005,0.75502,0.86644
0.67488,0.75256,0.86508
0.66971,0.75010,0.86373
0.66454,0.74764,0.86238
0.65938,0.74517,0.86102
0.65421,0.74271,0.85967
0.64867,0.74025,0.85827
0.64252,0.73779,0.85679
0.63637,0.73533,0.85532
0.63022,0.73287,0.85384
0.62407,0.73041,0.85236
0.61792,0.72795,0.85089
0.61176,0.72549,0.84941
0.60561,0.72303,0.84794
0.59946,0.72057,0.84646
0.59331,0.71811,0.84498
0.58716,0.71565,0.84351
0.58101,0.71319,0.84203
0.57486,0.71073,0.84055
0.56870,0.70827,0.83908
0.56255,0.70581,0.83760
0.55640,0.70334,0.83612
0.55025,0.70088,0.83465
0.54410,0.69842,0.83317
0.53795,0.69596,0.83170
0.53180,0.69350,0.83022
0.52564,0.69104,0.82874
0.51949,0.68858,0.82727
0.51334,0.68612,0.82579
0.50719,0.68366,0.82431
0.50104,0.68120,0.82284
0.49489,0.67874,0.82136
0.48874,0.67628,0.81988
0.48258,0.67382,0.81841
0.47643,0.67136,0.81693
0.47028,0.66890,0.81546
0.46413,0.66644,0.81398
0.45798,0.66398,0.81250
0.45109,0.66121,0.81084
0.44346,0.65813,0.80900
0.43583,0.65506,0.80715
0.42820,0.65198,0.80531
0.42058,0.64890,0.80346
0.41295,0.64583,0.80161
0.40532,0.64275,0.79977
0.39769,0.63968,0.79792
0.39007,0.63660,0.79608
0.38244,0.63353,0.79423
0.37481,0.63045,0.79239
0.36718,0.62737,0.79054
0.35955,0.62430,0.78870
0.35193,0.62122,0.78685
0.34430,0.61815,0.78501
0.33667,0.61507,0.78316
0.32904,0.61200,0.78131
0.32141,0.60892,0.77947
0.31379,0.60584,0.77762
0.30616,0.60277,0.77578
0.29853,0.59969,0.77393
0.29090,0.59662,0.77209
0.28328,0.59354,0.77024
0.27565,0.59047,0.76840
0.26802,0.58739,0.76655
0.26039,0.58431,0.76471
0.25276,0.58124,0.76286
0.24514,0.57816,0.76101
0.23751,0.57509,0.75917
0.22988,0.57201,0.75732
0.22225,0.56894,0.75548
0.21463,0.56586,0.75363
0.20800,0.56225,0.75171
0.20197,0.55831,0.74974
0.19594,0.55437,0.74777
0.18991,0.55043,0.74581
0.18388,0.54650,0.74384
0.17785,0.54256,0.74187
0.17183,0.53862,0.73990
0.16580,0.53469,0.73793
0.15977,0.53075,0.73596
0.15374,0.52681,0.73399
0.14771,0.52288,0.73203
0.14168,0.51894,0.73006
0.13566,0.51500,0.72809
0.12963,0.51106,0.72612
0.12360,0.50713,0.72415
0.11757,0.50319,0.72218
0.11154,0.49925,0.72022
0.10551,0.49532,0.71825
0.09948,0.49138,0.71628
0.09346,0.48744,0.71431
0.08743,0.48351,0.71234
0.08140,0.47957,0.71037
0.07537,0.47563,0.70840
0.06934,0.47170,0.70644
0.06331,0.46776,0.70447
0.05729,0.46382,0.70250
0.05126,0.45988,0.70053
0.04523,0.45595,0.69856
0.03920,0.45201,0.69659
0.03317,0.44807,0.69463
0.02714,0.44414,0.69266
0.02111,0.44020,0.69069
0.01952,0.43719,0.68697
0.01939,0.43448,0.68266
0.01927,0.43177,0.67835
0.01915,0.42907,0.67405
0.01902,0.42636,0.66974
0.01890,0.42365,0.66544
0.01878,0.42095,0.66113
0.01865,0.41824,0.65682
0.01853,0.41553,0.65252
0.01841,0.41283,0.64821
0.01829,0.41012,0.64391
0.01816,0.40741,0.63960
0.01804,0.40471,0.63529
0.01792,0.40200,0.63099
0.01779,0.39929,0.62668
0.01767,0.39659,0.62238
0.01755,0.39388,0.61807
0.01742,0.39117,0.61376
0.01730,0.38847,0.60946
0.01718,0.38576,0.60515
0.01705,0.38305,0.60085
0.01693,0.38035,0.59654
0.01681,0.37764,0.59223
0.01669,0.37493,0.58793
0.01656,0.37223,0.58362
0.01644,0.36952,0.57932
0.01632,0.36681,0.57501
0.01619,0.36411,0.57070
0.01607,0.36140,0.56640
0.01595,0.35869,0.56209
0.01582,0.35599,0.55779
0.01570,0.35328,0.55348
0.01547,0.34928,0.54724
0.01522,0.34510,0.54072
0.01498,0.34092,0.53419
0.01473,0.33673,0.52767
0.01449,0.33255,0.52115
0.01424,0.32837,0.51463
0.01399,0.32418,0.50811
0.01375,0.32000,0.50159
0.01350,0.31582,0.49507
0.01326,0.31163,0.48855
0.01301,0.30745,0.48203
0.01276,0.30327,0.47551
0.01252,0.29908,0.46899
0.01227,0.29490,0.46247
0.01203,0.29072,0.45595
0.01178,0.28654,0.44943
0.01153,0.28235,0.44291
0.01129,0.27817,0.43639
0.01104,0.27399,0.42987
0.01080,0.26980,0.42334
0.01055,0.26562,0.41682
0.01030,0.26144,0.41030
0.01006,0.25725,0.40378
0.00981,0.25307,0.39726
0.00957,0.24889,0.39074
0.00932,0.24471,0.38422
0.00907,0.24052,0.37770
0.00883,0.23634,0.37118
0.00858,0.23216,0.36466
0.00834,0.22797,0.35814
0.00809,0.22379,0.35162
0.00784,0.21961,0.34510
