1.00000,0.96863,0.98431
0.99766,0.96604,0.98296
0.99532,0.96346,0.98161
0.99299,0.96088,0.98025
0.99065,0.95829,0.97890
0.98831,0.95571,0.97755
0.98597,0.95313,0.97619
0.98364,0.95054,0.97484
0.98130,0.94796,0.97349
0.97896,0.94537,0.97213
0.97662,0.94279,0.97078
0.97429,0.94021,0.96943
0.97195,0.93762,0.96807
0.96961,0.93504,0.96672
0.96727,0.93246,0.96537
0.96494,0.92987,0.96401
0.96260,0.92729,0.96266
0.96026,0.92471,0.96131
0.95792,0.92212,0.95995
0.95559,0.91954,0.95860
0.95325,0.91696,0.95725
0.95091,0.91437,0.95589
0.94857,0.91179,0.95454
0.94624,0.90920,0.95319
0.94390,0.90662,0.95183
0.94156,0.90404,0.95048
0.93922,0.90145,0.94913
0.93689,0.89887,0.94777
0.93455,0.89629,0.94642
0.93221,0.89370,0.94507
0.92987,0.89112,0.94371
0.92754,0.88854,0.94236
0.92506,0.88601,0.94102
0.92161,0.88392,0.93979
0.91817,0.88183,0.93856
0.91473,0.87974,0.93733
0.91128,0.87765,0.93610
0.90784,0.87556,0.93487
0.90439,0.87346,0.93364
0.90095,0.87137,0.93241
0.89750,0.86928,0.93118
0.89406,0.86719,0.92995
0.89061,0.86510,0.92872
0.88717,0.86301,0.92749
0.88372,0.86092,0.92626
0.88028,0.85882,0.92503
0.87683,0.85673,0.92380
0.87339,0.85464,0.92257
0.86994,0.85255,0.92134
0.86650,0.85046,0.92011
0.86305,0.84837,0.91888
0.85961,0.84627,0.91765
0.85616,0.84418,0.91642
0.85272,0.84209,0.91519
0.84927,0.84000,0.91396
0.84583,0.83791,0.91273
0.84238,0.83582,0.91150
0.83894,0.83373,0.91027
0.83549,0.83163,0.90903
0.83205,0.82954,0.90780
0.82860,0.82745,0.90657
0.82516,0.82536,0.90534
0.82171,0.82327,0.90411
0.81827,0.82118,0.90288
0.81439,0.81899,0.90162
0.80923,0.81653,0.90027
0.80406,0.81407,0.89892
0.79889,0.81161,0.89756
0.79373,0.80915,0.89621
0.78856,0.80669,0.89486
0.78339,0.80423,0.89350
0.77822,0.80177,0.89215
0.77306,0.79931,0.89080
0.76789,0.79685,0.88944
0.76272,0.79439,0.88809
0.75755,0.79193,0.88674
0.75239,0.78947,0.88538
0.74722,0.78700,0.88403
0.74205,0.78454,0.88268
0.73689,0.78208,0.88132
0.73172,0.77962,0.87997
0.72655,0.77716,0.87862
0.72138,0.77470,0.87726
0.71622,0.77224,0.87591
0.71105,0.76978,0.87456
0.70588,0.76732,0.87320
0.70072,0.76486,0.87185
0.69555,0.76240,0.87050
0.69038,0.75994,0.86914
0.68521,0.75748,0.86779
0.68005,0.75502,0.86644
0.67488,0.75256,0.86508
0.66971,0.75010,0.86373
0.66454,0.74764,0.86238
0.65938,0.74517,0.86102
0.65421,0.74271,0.85967
0.64807,0.74025,0.85827
0.64032,0.73779,0.85679
0.63257,0.73533,0.85532
0.62482,0.73287,0.85384
0.61707,0.73041,0.85236
0.60932,0.72795,0.85089
0.60157,0.72549,0.84941
0.59382,0.72303,0.84794
0.58607,0.72057,0.84646
0.57832,0.71811,0.84498
0.57057,0.71565,0.84351
0.56281,0.71319,0.84203
0.55506,0.71073,0.84055
0.54731,0.70827,0.83908
0.53956,0.70581,0.83760
0.53181,0.70334,0.83612
0.52406,0.70088,0.83465
0.51631,0.69842,0.83317
0.50856,0.69596,0.83170
0.50081,0.69350,0.83022
0.49306,0.69104,0.82874
0.48531,0.68858,0.82727
0.47755,0.68612,0.82579
0.46980,0.68366,0.82431
0.46205,0.68120,0.82284
0.45430,0.67874,0.82136
0.44655,0.67628,0.81988
0.43880,0.67382,0.81841
0.43105,0.67136,0.81693
0.42330,0.66890,0.81546
0.41555,0.66644,0.81398
0.40780,0.66398,0.81250
0.40091,0.66121,0.81084
0.39488,0.65813,0.80900
0.38885,0.65506,0.80715
0.38282,0.65198,0.80531
0.37679,0.64890,0.80346
0.37077,0.64583,0.80161
0.36474,0.64275,0.79977
0.35871,0.63968,0.79792
0.35268,0.63660,0.79608
0.34665,0.63353,0.79423
0.34062,0.63045,0.79239
0.33459,0.62737,0.79054
0.32857,0.62430,0.78870
0.32254,0.62122,0.78685
0.31651,0.61815,0.78501
0.31048,0.61507,0.78316
0.30445,0.61200,0.78131
0.29842,0.60892,0.77947
0.29240,0.60584,0.77762
0.28637,0.60277,0.77578
0.28034,0.59969,0.77393
0.27431,0.59662,0.77209
0.26828,0.59354,0.77024
0.26225,0.59047,0.76840
0.25622,0.58739,0.76655
0.25020,0.58431,0.76471
0.24417,0.58124,0.76286
0.23814,0.57816,0.76101
0.23211,0.57509,0.75917
0.22608,0.57201,0.75732
0.22005,0.56894,0.75548
0.21403,0.56586,0.75363
0.20777,0.56355,0.74879
0.20137,0.56171,0.74215
0.19497,0.55986,0.73550
0.18857,0.55802,0.72886
0.18218,0.55617,0.72221
0.17578,0.55433,0.71557
0.16938,0.55248,0.70893
0.16298,0.55063,0.70228
0.15659,0.54879,0.69564
0.15019,0.54694,0.68900
0.14379,0.54510,0.68235
0.13739,0.54325,0.67571
0.13100,0.54141,0.66907
0.12460,0.53956,0.66242
0.11820,0.53772,0.65578
0.11180,0.53587,0.64913
0.10541,0.53403,0.64249
0.09901,0.53218,0.63585
0.09261,0.53033,0.62920
0.08621,0.52849,0.62256
0.07982,0.52664,0.61592
0.07342,0.52480,0.60927
0.06702,0.52295,0.60263
0.06062,0.52111,0.59599
0.05423,0.51926,0.58934
0.04783,0.51742,0.58270
0.04143,0.51557,0.57606
0.03503,0.51373,0.56941
0.02864,0.51188,0.56277
0.02224,0.51003,0.55612
0.01584,0.50819,0.54948
0.00944,0.50634,0.54284
0.00775,0.50394,0.53666
0.00763,0.50136,0.53063
0.00750,0.49878,0.52460
0.00738,0.49619,0.51857
0.00726,0.49361,0.51254
0.00714,0.49103,0.50651
0.00701,0.48844,0.50048
0.00689,0.48586,0.49446
0.00677,0.48328,0.48843
0.00664,0.48069,0.48240
0.00652,0.47811,0.47637
0.00640,0.47552,0.47034
0.00627,0.47294,0.46431
0.00615,0.47036,0.45829
0.00603,0.46777,0.45226
0.00591,0.46519,0.44623
0.00578,0.46261,0.44020
0.00566,0.46002,0.43417
0.00554,0.45744,0.42814
0.00541,0.45486,0.42211
0.00529,0.45227,0.41609
0.00517,0.44969,0.41006
0.00504,0.44710,0.40403
0.00492,0.44452,0.39800
0.00480,0.44194,0.39197
0.00468,0.43935,0.38594
0.00455,0.43677,0.37992
0.00443,0.43419,0.37389
0.00431,0.43160,0.36786
0.00418,0.42902,0.36183
0.00406,0.42644,0.35580
0.00394,0.42385,0.34977
0.00392,0.41944,0.34525
0.00392,0.41476,0.34095
0.00392,0.41009,0.33664
0.00392,0.40541,0.33233
0.00392,0.40074,0.32803
0.00392,0.39606,0.32372
0.00392,0.39139,0.31942
0.00392,0.38671,0.31511
0.00392,0.38204,0.31080
0.00392,0.37736,0.30650
0.00392,0.37269,0.30219
0.00392,0.36801,0.29789
0.00392,0.36334,0.29358
0.00392,0.35866,0.28927
0.00392,0.35399,0.28497
0.00392,0.34931,0.28066
0.00392,0.34464,0.27636
0.00392,0.33996,0.27205
0.00392,0.33529,0.26774
0.00392,0.33061,0.26344
0.00392,0.32594,0.25913
0.00392,0.32126,0.25483
0.00392,0.31659,0.25052
0.00392,0.31191,0.24621
0.00392,0.30724,0.24191
0.00392,0.30256,0.23760
0.00392,0.29789,0.23329
0.00392,0.29321,0.22899
0.00392,0.28854,0.22468
0.00392,0.28386,0.22038
0.00392,0.27918,0.21607
0.00392,0.27451,0.21176
