0.96863,0.95686,0.97647
0.96666,0.95453,0.97524
0.96469,0.95219,0.97401
0.96272,0.94985,0.97278
0.96075,0.94751,0.97155
0.95879,0.94517,0.97032
0.95682,0.94284,0.96909
0.95485,0.94050,0.96786
0.95288,0.93816,0.96663
0.95091,0.93582,0.96540
0.94894,0.93349,0.96417
0.94697,0.93115,0.96294
0.94501,0.92881,0.96171
0.94304,0.92647,0.96048
0.94107,0.92414,0.95925
0.93910,0.92180,0.95802
0.93713,0.91946,0.95679
0.93516,0.91712,0.95556
0.93319,0.91479,0.95433
0.93123,0.91245,0.95309
0.92926,0.91011,0.95186
0.92729,0.90777,0.95063
0.92532,0.90544,0.94940
0.92335,0.90310,0.94817
0.92138,0.90076,0.94694
0.91942,0.89842,0.94571
0.91745,0.89609,0.94448
0.91548,0.89375,0.94325
0.91351,0.89141,0.94202
0.91154,0.88907,0.94079
0.90957,0.88674,0.93956
0.90760,0.88440,0.93833
0.90559,0.88174,0.93693
0.90325,0.87682,0.93435
0.90092,0.87190,0.93176
0.89858,0.86697,0.92918
0.89624,0.86205,0.92660
0.89390,0.85713,0.92401
0.89156,0.85221,0.92143
0.88923,0.84729,0.91885
0.88689,0.84237,0.91626
0.88455,0.83745,0.91368
0.88221,0.83253,0.91110
0.87988,0.82760,0.90851
0.87754,0.82268,0.90593
0.87520,0.81776,0.90334
0.87286,0.81284,0.90076
0.87053,0.80792,0.89818
0.86819,0.80300,0.89559
0.86585,0.79808,0.89301
0.86351,0.79316,0.89043
0.86118,0.78824,0.88784
0.85884,0.78331,0.88526
0.85650,0.77839,0.88268
0.85416,0.77347,0.88009
0.85183,0.76855,0.87751
0.84949,0.76363,0.87493
0.84715,0.75871,0.87234
0.84481,0.75379,0.86976
0.84248,0.74887,0.86717
0.84014,0.74394,0.86459
0.83780,0.73902,0.86201
0.83546,0.73410,0.85942
0.83313,0.72918,0.85684
0.83103,0.72435,0.85432
0.82968,0.71980,0.85198
0.82833,0.71525,0.84964
0.82697,0.71070,0.84730
0.82562,0.70614,0.84497
0.82427,0.70159,0.84263
0.82291,0.69704,0.84029
0.82156,0.69249,0.83795
0.82021,0.68794,0.83562
0.81885,0.68338,0.83328
0.81750,0.67883,0.83094
0.81615,0.67428,0.82860
0.81479,0.66973,0.82627
0.81344,0.66517,0.82393
0.81209,0.66062,0.82159
0.81073,0.65607,0.81925
0.80938,0.65152,0.81692
0.80803,0.64697,0.81458
0.80667,0.64241,0.81224
0.80532,0.63786,0.80990
0.80397,0.63331,0.80757
0.80261,0.62876,0.80523
0.80126,0.62421,0.80289
0.79991,0.61965,0.80055
0.79855,0.61510,0.79822
0.79720,0.61055,0.79588
0.79585,0.60600,0.79354
0.79449,0.60145,0.79120
0.79314,0.59689,0.78887
0.79179,0.59234,0.78653
0.79043,0.58779,0.78419
0.78908,0.58324,0.78185
0.78925,0.57822,0.77933
0.79196,0.57244,0.77650
0.79466,0.56666,0.77367
0.79737,0.56088,0.77084
0.80008,0.55509,0.76801
0.80278,0.54931,0.76518
0.80549,0.54353,0.76235
0.80820,0.53775,0.75952
0.81090,0.53196,0.75669
0.81361,0.52618,0.75386
0.81632,0.52040,0.75103
0.81902,0.51462,0.74820
0.82173,0.50884,0.74537
0.82444,0.50305,0.74255
0.82714,0.49727,0.73972
0.82985,0.49149,0.73689
0.83256,0.48571,0.73406
0.83526,0.47992,0.73123
0.83797,0.47414,0.72840
0.84068,0.46836,0.72557
0.84338,0.46258,0.72274
0.84609,0.45679,0.71991
0.84880,0.45101,0.71708
0.85150,0.44523,0.71425
0.85421,0.43945,0.71142
0.85692,0.43366,0.70859
0.85962,0.42788,0.70576
0.86233,0.42210,0.70293
0.86504,0.41632,0.70010
0.86774,0.41053,0.69727
0.87045,0.40475,0.69444
0.87316,0.39897,0.69161
0.87500,0.39239,0.68786
0.87599,0.38501,0.68318
0.87697,0.37762,0.67851
0.87795,0.37024,0.67383
0.87894,0.36286,0.66916
0.87992,0.35548,0.66448
0.88091,0.34810,0.65981
0.88189,0.34072,0.65513
0.88288,0.33333,0.65046
0.88386,0.32595,0.64578
0.88484,0.31857,0.64111
0.88583,0.31119,0.63643
0.88681,0.30381,0.63176
0.88780,0.29642,0.62708
0.88878,0.28904,0.62241
0.88977,0.28166,0.61773
0.89075,0.27428,0.61306
0.89173,0.26690,0.60838
0.89272,0.25952,0.60371
0.89370,0.25213,0.59903
0.89469,0.24475,0.59436
0.89567,0.23737,0.58968
0.89666,0.22999,0.58501
0.89764,0.22261,0.58033
0.89862,0.21522,0.57566
0.89961,0.20784,0.57098
0.90059,0.20046,0.56631
0.90158,0.19308,0.56163
0.90256,0.18570,0.55696
0.90354,0.17832,0.55228
0.90453,0.17093,0.54760
0.90551,0.16355,0.54293
0.90396,0.15902,0.53718
0.90088,0.15619,0.53078
0.89781,0.15336,0.52438
0.89473,0.15053,0.51799
0.89166,0.14770,0.51159
0.88858,0.14487,0.50519
0.88551,0.14204,0.49879
0.88243,0.13921,0.49240
0.87935,0.13638,0.48600
0.87628,0.13355,0.47960
0.87320,0.13072,0.47320
0.87013,0.12789,0.46681
0.86705,0.12506,0.46041
0.86398,0.12223,0.45401
0.86090,0.11940,0.44761
0.85782,0.11657,0.44121
0.85475,0.11374,0.43482
0.85167,0.11091,0.42842
0.84860,0.10808,0.42202
0.84552,0.10525,0.41562
0.84245,0.10242,0.40923
0.83937,0.09959,0.40283
0.83629,0.09676,0.39643
0.83322,0.09393,0.39003
0.83014,0.09110,0.38364
0.82707,0.08827,0.37724
0.82399,0.08544,0.37084
0.82092,0.08261,0.36444
0.81784,0.07978,0.35805
0.81476,0.07696,0.35165
0.81169,0.07413,0.34525
0.80861,0.07130,0.33885
0.80286,0.06893,0.33550
0.79622,0.06671,0.33316
0.78957,0.06450,0.33083
0.78293,0.06228,0.32849
0.77629,0.06007,0.32615
0.76964,0.05785,0.32381
0.76300,0.05564,0.32148
0.75636,0.05343,0.31914
0.74971,0.05121,0.31680
0.74307,0.04900,0.31446
0.73642,0.04678,0.31213
0.72978,0.04457,0.30979
0.72314,0.04235,0.30745
0.71649,0.04014,0.30511
0.70985,0.03792,0.30278
0.70321,0.03571,0.30044
0.69656,0.03349,0.29810
0.68992,0.03128,0.29576
0.68328,0.02907,0.29343
0.67663,0.02685,0.29109
0.66999,0.02464,0.28875
0.66334,0.02242,0.28641
0.65670,0.02021,0.28408
0.65006,0.01799,0.28174
0.64341,0.01578,0.27940
0.63677,0.01356,0.27706
0.63013,0.01135,0.27473
0.62348,0.00913,0.27239
0.61684,0.00692,0.27005
0.61020,0.00471,0.26771
0.60355,0.00249,0.26537
0.59691,0.00028,0.26304
0.59080,0.00000,0.25887
0.58478,0.00000,0.25444
0.57875,0.00000,0.25001
0.57272,0.00000,0.24558
0.56669,0.00000,0.24115
0.56066,0.00000,0.23672
0.55463,0.00000,0.23230
0.54860,0.00000,0.22787
0.54258,0.00000,0.22344
0.53655,0.00000,0.21901
0.53052,0.00000,0.21458
0.52449,0.00000,0.21015
0.51846,0.00000,0.20572
0.51243,0.00000,0.20129
0.50641,0.00000,0.19686
0.50038,0.00000,0.19243
0.49435,0.00000,0.18800
0.48832,0.00000,0.18358
0.48229,0.00000,0.17915
0.47626,0.00000,0.17472
0.47023,0.00000,0.17029
0.46421,0.00000,0.16586
0.45818,0.00000,0.16143
0.45215,0.00000,0.15700
0.44612,0.00000,0.15257
0.44009,0.00000,0.14814
0.43406,0.00000,0.14371
0.42804,0.00000,0.13928
0.42201,0.00000,0.13486
0.41598,0.00000,0.13043
0.40995,0.00000,0.12600
0.40392,0.00000,0.12157
