0.98824,0.98431,0.99216
0.98664,0.98259,0.99117
0.98504,0.98087,0.99019
0.98344,0.97915,0.98920
0.98184,0.97742,0.98822
0.98024,0.97570,0.98724
0.97864,0.97398,0.98625
0.97704,0.97226,0.98527
0.97544,0.97053,0.98428
0.97384,0.96881,0.98330
0.97224,0.96709,0.98231
0.97064,0.96537,0.98133
0.96904,0.96364,0.98035
0.96744,0.96192,0.97936
0.96584,0.96020,0.97838
0.96424,0.95848,0.97739
0.96265,0.95676,0.97641
0.96105,0.95503,0.97542
0.95945,0.95331,0.97444
0.95785,0.95159,0.97346
0.95625,0.94987,0.97247
0.95465,0.94814,0.97149
0.95305,0.94642,0.97050
0.95145,0.94470,0.96952
0.94985,0.94298,0.96854
0.94825,0.94125,0.96755
0.94665,0.93953,0.96657
0.94505,0.93781,0.96558
0.94345,0.93609,0.96460
0.94185,0.93436,0.96361
0.94025,0.93264,0.96263
0.93865,0.93092,0.96165
0.93693,0.92912,0.96063
0.93435,0.92678,0.95940
0.93176,0.92444,0.95817
0.92918,0.92211,0.95694
0.92660,0.91977,0.95571
0.92401,0.91743,0.95448
0.92143,0.91509,0.95325
0.91885,0.91276,0.95202
0.91626,0.91042,0.95079
0.91368,0.90808,0.94956
0.91110,0.90574,0.94833
0.90851,0.90341,0.94710
0.90593,0.90107,0.94587
0.90334,0.89873,0.94464
0.90076,0.89639,0.94341
0.89818,0.89406,0.94218
0.89559,0.89172,0.94095
0.89301,0.88938,0.93972
0.89043,0.88704,0.93849
0.88784,0.88471,0.93725
0.88526,0.88237,0.93602
0.88268,0.88003,0.93479
0.88009,0.87769,0.93356
0.87751,0.87536,0.93233
0.87493,0.87302,0.93110
0.87234,0.87068,0.92987
0.86976,0.86834,0.92864
0.86717,0.86601,0.92741
0.86459,0.86367,0.92618
0.86201,0.86133,0.92495
0.85942,0.85899,0.92372
0.85684,0.85666,0.92249
0.85398,0.85401,0.92111
0.85029,0.85044,0.91926
0.84660,0.84687,0.91742
0.84291,0.84331,0.91557
0.83922,0.83974,0.91373
0.83552,0.83617,0.91188
0.83183,0.83260,0.91003
0.82814,0.82903,0.90819
0.82445,0.82547,0.90634
0.82076,0.82190,0.90450
0.81707,0.81833,0.90265
0.81338,0.81476,0.90081
0.80969,0.81120,0.89896
0.80600,0.80763,0.89712
0.80231,0.80406,0.89527
0.79862,0.80049,0.89343
0.79493,0.79692,0.89158
0.79123,0.79336,0.88973
0.78754,0.78979,0.88789
0.78385,0.78622,0.88604
0.78016,0.78265,0.88420
0.77647,0.77908,0.88235
0.77278,0.77552,0.88051
0.76909,0.77195,0.87866
0.76540,0.76838,0.87682
0.76171,0.76481,0.87497
0.75802,0.76125,0.87313
0.75433,0.75768,0.87128
0.75063,0.75411,0.86943
0.74694,0.75054,0.86759
0.74325,0.74697,0.86574
0.73956,0.74341,0.86390
0.73587,0.73956,0.86182
0.73218,0.73526,0.85936
0.72849,0.73095,0.85690
0.72480,0.72664,0.85444
0.72111,0.72234,0.85198
0.71742,0.71803,0.84952
0.71373,0.71373,0.84706
0.71003,0.70942,0.84460
0.70634,0.70511,0.84214
0.70265,0.70081,0.83968
0.69896,0.69650,0.83722
0.69527,0.69220,0.83476
0.69158,0.68789,0.83230
0.68789,0.68358,0.82983
0.68420,0.67928,0.82737
0.68051,0.67497,0.82491
0.67682,0.67067,0.82245
0.67313,0.66636,0.81999
0.66943,0.66205,0.81753
0.66574,0.65775,0.81507
0.66205,0.65344,0.81261
0.65836,0.64913,0.81015
0.65467,0.64483,0.80769
0.65098,0.64052,0.80523
0.64729,0.63622,0.80277
0.64360,0.63191,0.80031
0.63991,0.62760,0.79785
0.63622,0.62330,0.79539
0.63253,0.61899,0.79293
0.62884,0.61469,0.79047
0.62514,0.61038,0.78800
0.62145,0.60607,0.78554
0.61776,0.60214,0.78345
0.61407,0.59857,0.78173
0.61038,0.59500,0.78001
0.60669,0.59143,0.77829
0.60300,0.58787,0.77656
0.59931,0.58430,0.77484
0.59562,0.58073,0.77312
0.59193,0.57716,0.77140
0.58824,0.57359,0.76967
0.58454,0.57003,0.76795
0.58085,0.56646,0.76623
0.57716,0.56289,0.76451
0.57347,0.55932,0.76278
0.56978,0.55576,0.76106
0.56609,0.55219,0.75934
0.56240,0.54862,0.75762
0.55871,0.54505,0.75589
0.55502,0.54148,0.75417
0.55133,0.53792,0.75245
0.54764,0.53435,0.75073
0.54394,0.53078,0.74900
0.54025,0.52721,0.74728
0.53656,0.52364,0.74556
0.53287,0.52008,0.74384
0.52918,0.51651,0.74211
0.52549,0.51294,0.74039
0.52180,0.50937,0.73867
0.51811,0.50581,0.73695
0.51442,0.50224,0.73522
0.51073,0.49867,0.73350
0.50704,0.49510,0.73178
0.50334,0.49153,0.73006
0.50027,0.48681,0.72764
0.49756,0.48140,0.72481
0.49486,0.47599,0.72198
0.49215,0.47057,0.71915
0.48944,0.46516,0.71632
0.48674,0.45975,0.71349
0.48403,0.45433,0.71067
0.48132,0.44892,0.70784
0.47862,0.44351,0.70501
0.47591,0.43809,0.70218
0.47320,0.43268,0.69935
0.47050,0.42727,0.69652
0.46779,0.42185,0.69369
0.46508,0.41644,0.69086
0.46238,0.41103,0.68803
0.45967,0.40561,0.68520
0.45696,0.40020,0.68237
0.45426,0.39479,0.67954
0.45155,0.38937,0.67671
0.44884,0.38396,0.67388
0.44614,0.37855,0.67105
0.44343,0.37313,0.66822
0.44072,0.36772,0.66539
0.43802,0.36231,0.66256
0.43531,0.35689,0.65973
0.43260,0.35148,0.65690
0.42990,0.34607,0.65407
0.42719,0.34065,0.65124
0.42448,0.33524,0.64841
0.42178,0.32983,0.64558
0.41907,0.32441,0.64275
0.41636,0.31900,0.63992
0.41366,0.31377,0.63737
0.41095,0.30860,0.63491
0.40824,0.30344,0.63245
0.40554,0.29827,0.62999
0.40283,0.29310,0.62753
0.40012,0.28794,0.62507
0.39742,0.28277,0.62261
0.39471,0.27760,0.62015
0.39200,0.27243,0.61769
0.38930,0.26727,0.61522
0.38659,0.26210,0.61276
0.38388,0.25693,0.61030
0.38118,0.25176,0.60784
0.37847,0.24660,0.60538
0.37576,0.24143,0.60292
0.37306,0.23626,0.60046
0.37035,0.23110,0.59800
0.36764,0.22593,0.59554
0.36494,0.22076,0.59308
0.36223,0.21559,0.59062
0.35952,0.21043,0.58816
0.35682,0.20526,0.58570
0.35411,0.20009,0.58324
0.35140,0.19493,0.58078
0.34870,0.18976,0.57832
0.34599,0.18459,0.57586
0.34328,0.17942,0.57339
0.34058,0.17426,0.57093
0.33787,0.16909,0.56847
0.33516,0.16392,0.56601
0.33246,0.15875,0.56355
0.32975,0.15359,0.56109
0.32715,0.14874,0.55885
0.32457,0.14394,0.55663
0.32198,0.13915,0.55442
0.31940,0.13435,0.55220
0.31682,0.12955,0.54999
0.31423,0.12475,0.54777
0.31165,0.11995,0.54556
0.30907,0.11516,0.54334
0.30648,0.11036,0.54113
0.30390,0.10556,0.53892
0.30131,0.10076,0.53670
0.29873,0.09596,0.53449
0.29615,0.09116,0.53227
0.29356,0.08637,0.53006
0.29098,0.08157,0.52784
0.28840,0.07677,0.52563
0.28581,0.07197,0.52341
0.28323,0.06717,0.52120
0.28065,0.06238,0.51899
0.27806,0.05758,0.51677
0.27548,0.05278,0.51456
0.27290,0.04798,0.51234
0.27031,0.04318,0.51013
0.26773,0.03839,0.50791
0.26514,0.03359,0.50570
0.26256,0.02879,0.50348
0.25998,0.02399,0.50127
0.25739,0.01919,0.49905
0.25481,0.01439,0.49684
0.25223,0.00960,0.49463
0.24964,0.00480,0.49241
0.24706,0.00000,0.49020
