1.00000,0.96863,0.95294
0.99975,0.96580,0.95023
0.99951,0.96297,0.94753
0.99926,0.96014,0.94482
0.99902,0.95731,0.94211
0.99877,0.95448,0.93941
0.99852,0.95165,0.93670
0.99828,0.94882,0.93399
0.99803,0.94599,0.93129
0.99779,0.94316,0.92858
0.99754,0.94033,0.92587
0.99729,0.93750,0.92317
0.99705,0.93467,0.92046
0.99680,0.93184,0.91775
0.99656,0.92901,0.91505
0.99631,0.92618,0.91234
0.99606,0.92335,0.90963
0.99582,0.92052,0.90693
0.99557,0.91769,0.90422
0.99532,0.91486,0.90151
0.99508,0.91203,0.89881
0.99483,0.90920,0.89610
0.99459,0.90637,0.89339
0.99434,0.90354,0.89069
0.99409,0.90072,0.88798
0.99385,0.89789,0.88527
0.99360,0.89506,0.88257
0.99336,0.89223,0.87986
0.99311,0.88940,0.87715
0.99286,0.88657,0.87445
0.99262,0.88374,0.87174
0.99237,0.88091,0.86903
0.99214,0.87802,0.86622
0.99202,0.87469,0.86265
0.99190,0.87137,0.85908
0.99177,0.86805,0.85552
0.99165,0.86473,0.85195
0.99153,0.86141,0.84838
0.99140,0.85809,0.84481
0.99128,0.85476,0.84125
0.99116,0.85144,0.83768
0.99103,0.84812,0.83411
0.99091,0.84480,0.83054
0.99079,0.84148,0.82697
0.99067,0.83815,0.82341
0.99054,0.83483,0.81984
0.99042,0.83151,0.81627
0.99030,0.82819,0.81270
0.99017,0.82487,0.80913
0.99005,0.82155,0.80557
0.98993,0.81822,0.80200
0.98980,0.81490,0.79843
0.98968,0.81158,0.79486
0.98956,0.80826,0.79130
0.98943,0.80494,0.78773
0.98931,0.80161,0.78416
0.98919,0.79829,0.78059
0.98907,0.79497,0.77702
0.98894,0.79165,0.77346
0.98882,0.78833,0.76989
0.98870,0.78501,0.76632
0.98857,0.78168,0.76275
0.98845,0.77836,0.75918
0.98833,0.77504,0.75562
0.98817,0.77138,0.75260
0.98793,0.76671,0.75125
0.98768,0.76203,0.74990
0.98744,0.75735,0.74854
0.98719,0.75268,0.74719
0.98694,0.74800,0.74584
0.98670,0.74333,0.74448
0.98645,0.73865,0.74313
0.98621,0.73398,0.74178
0.98596,0.72930,0.74042
0.98571,0.72463,0.73907
0.98547,0.71995,0.73772
0.98522,0.71528,0.73636
0.98498,0.71060,0.73501
0.98473,0.70593,0.73366
0.98448,0.70125,0.73230
0.98424,0.69658,0.73095
0.98399,0.69190,0.72960
0.98374,0.68723,0.72824
0.98350,0.68255,0.72689
0.98325,0.67788,0.72554
0.98301,0.67320,0.72418
0.98276,0.66853,0.72283
0.98251,0.66385,0.72148
0.98227,0.65918,0.72012
0.98202,0.65450,0.71877
0.98178,0.64983,0.71742
0.98153,0.64515,0.71606
0.98128,0.64048,0.71471
0.98104,0.63580,0.71336
0.98079,0.63113,0.71200
0.98055,0.62645,0.71065
0.98025,0.62099,0.70888
0.97988,0.61423,0.70642
0.97952,0.60746,0.70396
0.97915,0.60069,0.70150
0.97878,0.59393,0.69904
0.97841,0.58716,0.69658
0.97804,0.58039,0.69412
0.97767,0.57363,0.69166
0.97730,0.56686,0.68920
0.97693,0.56009,0.68674
0.97656,0.55333,0.68428
0.97619,0.54656,0.68181
0.97582,0.53979,0.67935
0.97546,0.53303,0.67689
0.97509,0.52626,0.67443
0.97472,0.51949,0.67197
0.97435,0.51273,0.66951
0.97398,0.50596,0.66705
0.97361,0.49919,0.66459
0.97324,0.49243,0.66213
0.97287,0.48566,0.65967
0.97250,0.47889,0.65721
0.97213,0.47213,0.65475
0.97176,0.46536,0.65229
0.97140,0.45859,0.64983
0.97103,0.45183,0.64737
0.97066,0.44506,0.64491
0.97029,0.43829,0.64245
0.96992,0.43153,0.63998
0.96955,0.42476,0.63752
0.96918,0.41799,0.63506
0.96881,0.41123,0.63260
0.96703,0.40464,0.63076
0.96383,0.39825,0.62953
0.96063,0.39185,0.62830
0.95743,0.38545,0.62707
0.95423,0.37905,0.62584
0.95103,0.37266,0.62461
0.94784,0.36626,0.62338
0.94464,0.35986,0.62215
0.94144,0.35346,0.62092
0.93824,0.34707,0.61968
0.93504,0.34067,0.61845
0.93184,0.33427,0.61722
0.92864,0.32787,0.61599
0.92544,0.32148,0.61476
0.92225,0.31508,0.61353
0.91905,0.30868,0.61230
0.91585,0.30228,0.61107
0.91265,0.29589,0.60984
0.90945,0.28949,0.60861
0.90625,0.28309,0.60738
0.90305,0.27669,0.60615
0.89985,0.27030,0.60492
0.89666,0.26390,0.60369
0.89346,0.25750,0.60246
0.89026,0.25110,0.60123
0.88706,0.24471,0.60000
0.88386,0.23831,0.59877
0.88066,0.23191,0.59754
0.87746,0.22551,0.59631
0.87426,0.21912,0.59508
0.87106,0.21272,0.59385
0.86787,0.20632,0.59262
0.86305,0.20000,0.59023
0.85727,0.19373,0.58716
0.85149,0.18745,0.58408
0.84571,0.18118,0.58101
0.83992,0.17490,0.57793
0.83414,0.16863,0.57486
0.82836,0.16235,0.57178
0.82258,0.15608,0.56870
0.81679,0.14980,0.56563
0.81101,0.14353,0.56255
0.80523,0.13725,0.55948
0.79945,0.13098,0.55640
0.79366,0.12471,0.55333
0.78788,0.11843,0.55025
0.78210,0.11216,0.54717
0.77632,0.10588,0.54410
0.77053,0.09961,0.54102
0.76475,0.09333,0.53795
0.75897,0.08706,0.53487
0.75319,0.08078,0.53180
0.74740,0.07451,0.52872
0.74162,0.06824,0.52564
0.73584,0.06196,0.52257
0.73006,0.05569,0.51949
0.72428,0.04941,0.51642
0.71849,0.04314,0.51334
0.71271,0.03686,0.51027
0.70693,0.03059,0.50719
0.70115,0.02431,0.50411
0.69536,0.01804,0.50104
0.68958,0.01176,0.49796
0.68380,0.00549,0.49489
0.67755,0.00392,0.49347
0.67116,0.00392,0.49261
0.66476,0.00392,0.49175
0.65836,0.00392,0.49089
0.65196,0.00392,0.49003
0.64557,0.00392,0.48917
0.63917,0.00392,0.48830
0.63277,0.00392,0.48744
0.62637,0.00392,0.48658
0.61998,0.00392,0.48572
0.61358,0.00392,0.48486
0.60718,0.00392,0.48400
0.60078,0.00392,0.48314
0.59439,0.00392,0.48228
0.58799,0.00392,0.48141
0.58159,0.00392,0.48055
0.57519,0.00392,0.47969
0.56880,0.00392,0.47883
0.56240,0.00392,0.47797
0.55600,0.00392,0.47711
0.54960,0.00392,0.47625
0.54321,0.00392,0.47539
0.53681,0.00392,0.47453
0.53041,0.00392,0.47366
0.52401,0.00392,0.47280
0.51762,0.00392,0.47194
0.51122,0.00392,0.47108
0.50482,0.00392,0.47022
0.49842,0.00392,0.46936
0.49203,0.00392,0.46850
0.48563,0.00392,0.46764
0.47923,0.00392,0.46677
0.47316,0.00381,0.46527
0.46713,0.00369,0.46367
0.46110,0.00357,0.46207
0.45507,0.00344,0.46047
0.44904,0.00332,0.45887
0.44301,0.00320,0.45727
0.43699,0.00308,0.45567
0.43096,0.00295,0.45407
0.42493,0.00283,0.45247
0.41890,0.00271,0.45087
0.41287,0.00258,0.44927
0.40684,0.00246,0.44767
0.40082,0.00234,0.44607
0.39479,0.00221,0.44448
0.38876,0.00209,0.44288
0.38273,0.00197,0.44128
0.37670,0.00185,0.43968
0.37067,0.00172,0.43808
0.36464,0.00160,0.43648
0.35862,0.00148,0.43488
0.35259,0.00135,0.43328
0.34656,0.00123,0.43168
0.34053,0.00111,0.43008
0.33450,0.00098,0.42848
0.32847,0.00086,0.42688
0.32245,0.00074,0.42528
0.31642,0.00062,0.42368
0.31039,0.00049,0.42208
0.30436,0.00037,0.42048
0.29833,0.00025,0.41889
0.29230,0.00012,0.41729
0.28627,0.00000,0.41569
