0.64706,0.00000,0.14902
0.65475,0.00738,0.14917
0.66244,0.01476,0.14933
0.67013,0.02215,0.14948
0.67782,0.02953,0.14963
0.68551,0.03691,0.14979
0.69319,0.04429,0.14994
0.70088,0.05167,0.15010
0.70857,0.05905,0.15025
0.71626,0.06644,0.15040
0.72395,0.07382,0.15056
0.73164,0.08120,0.15071
0.73933,0.08858,0.15087
0.74702,0.09596,0.15102
0.75471,0.10334,0.15117
0.76240,0.11073,0.15133
0.77009,0.11811,0.15148
0.77778,0.12549,0.15163
0.78547,0.13287,0.15179
0.79316,0.14025,0.15194
0.80085,0.14764,0.15210
0.80854,0.15502,0.15225
0.81622,0.16240,0.15240
0.82391,0.16978,0.15256
0.83160,0.17716,0.15271
0.83929,0.18454,0.15286
0.84537,0.19293,0.15509
0.84983,0.20231,0.15940
0.85429,0.21169,0.16371
0.85875,0.22107,0.16801
0.86321,0.23045,0.17232
0.86767,0.23983,0.17662
0.87213,0.24921,0.18093
0.87659,0.25859,0.18524
0.88105,0.26797,0.18954
0.88551,0.27735,0.19385
0.88997,0.28674,0.19815
0.89443,0.29612,0.20246
0.89889,0.30550,0.20677
0.90334,0.31488,0.21107
0.90780,0.32426,0.21538
0.91226,0.33364,0.21968
0.91672,0.34302,0.22399
0.92118,0.35240,0.22830
0.92564,0.36178,0.23260
0.93010,0.37116,0.23691
0.93456,0.38055,0.24121
0.93902,0.38993,0.24552
0.94348,0.39931,0.24983
0.94794,0.40869,0.25413
0.95240,0.41807,0.25844
0.95686,0.42745,0.26275
0.95825,0.43745,0.26736
0.95963,0.44744,0.27197
0.96101,0.45744,0.27659
0.96240,0.46744,0.28120
0.96378,0.47743,0.28581
0.96517,0.48743,0.29043
0.96655,0.49742,0.29504
0.96794,0.50742,0.29965
0.96932,0.51742,0.30427
0.97070,0.52741,0.30888
0.97209,0.53741,0.31349
0.97347,0.54740,0.31811
0.97486,0.55740,0.32272
0.97624,0.56740,0.32734
0.97762,0.57739,0.33195
0.97901,0.58739,0.33656
0.98039,0.59739,0.34118
0.98178,0.60738,0.34579
0.98316,0.61738,0.35040
0.98454,0.62737,0.35502
0.98593,0.63737,0.35963
0.98731,0.64737,0.36424
0.98870,0.65736,0.36886
0.99008,0.66736,0.37347
0.99146,0.67735,0.37809
0.99223,0.68620,0.38362
0.99239,0.69389,0.39008
0.99254,0.70158,0.39654
0.99270,0.70927,0.40300
0.99285,0.71696,0.40946
0.99300,0.72464,0.41592
0.99316,0.73233,0.42238
0.99331,0.74002,0.42884
0.99346,0.74771,0.43529
0.99362,0.75540,0.44175
0.99377,0.76309,0.44821
0.99393,0.77078,0.45467
0.99408,0.77847,0.46113
0.99423,0.78616,0.46759
0.99439,0.79385,0.47405
0.99454,0.80154,0.48051
0.99469,0.80923,0.48697
0.99485,0.81692,0.49343
0.99500,0.82461,0.49988
0.99516,0.83230,0.50634
0.99531,0.83998,0.51280
0.99546,0.84767,0.51926
0.99562,0.85536,0.52572
0.99577,0.86305,0.53218
0.99592,0.87074,0.53864
0.99608,0.87843,0.54510
0.99623,0.88320,0.55309
0.99639,0.88797,0.56109
0.99654,0.89273,0.56909
0.99669,0.89750,0.57709
0.99685,0.90227,0.58508
0.99700,0.90704,0.59308
0.99715,0.91180,0.60108
0.99731,0.91657,0.60907
0.99746,0.92134,0.61707
0.99762,0.92611,0.62507
0.99777,0.93087,0.63306
0.99792,0.93564,0.64106
0.99808,0.94041,0.64906
0.99823,0.94517,0.65705
0.99839,0.94994,0.66505
0.99854,0.95471,0.67305
0.99869,0.95948,0.68105
0.99885,0.96424,0.68904
0.99900,0.96901,0.69704
0.99915,0.97378,0.70504
0.99931,0.97855,0.71303
0.99946,0.98331,0.72103
0.99962,0.98808,0.72903
0.99977,0.99285,0.73702
0.99992,0.99762,0.74502
0.99708,0.99877,0.74502
0.99123,0.99631,0.73702
0.98539,0.99385,0.72903
0.97955,0.99139,0.72103
0.97370,0.98893,0.71303
0.96786,0.98647,0.70504
0.96201,0.98401,0.69704
0.95617,0.98155,0.68904
0.95033,0.97908,0.68105
0.94448,0.97662,0.67305
0.93864,0.97416,0.66505
0.93280,0.97170,0.65705
0.92695,0.96924,0.64906
0.92111,0.96678,0.64106
0.91526,0.96432,0.63306
0.90942,0.96186,0.62507
0.90358,0.95940,0.61707
0.89773,0.95694,0.60907
0.89189,0.95448,0.60108
0.88604,0.95202,0.59308
0.88020,0.94956,0.58508
0.87436,0.94710,0.57709
0.86851,0.94464,0.56909
0.86267,0.94218,0.56109
0.85682,0.93972,0.55309
0.85098,0.93725,0.54510
0.84314,0.93387,0.54002
0.83529,0.93049,0.53495
0.82745,0.92710,0.52987
0.81961,0.92372,0.52480
0.81176,0.92034,0.51972
0.80392,0.91696,0.51465
0.79608,0.91357,0.50957
0.78824,0.91019,0.50450
0.78039,0.90681,0.49942
0.77255,0.90342,0.49435
0.76471,0.90004,0.48927
0.75686,0.89666,0.48420
0.74902,0.89327,0.47912
0.74118,0.88989,0.47405
0.73333,0.88651,0.46897
0.72549,0.88312,0.46390
0.71765,0.87974,0.45882
0.70980,0.87636,0.45375
0.70196,0.87297,0.44867
0.69412,0.86959,0.44360
0.68627,0.86621,0.43852
0.67843,0.86282,0.43345
0.67059,0.85944,0.42837
0.66275,0.85606,0.42330
0.65490,0.85267,0.41822
0.64606,0.84883,0.41515
0.63622,0.84452,0.41407
0.62637,0.84022,0.41300
0.61653,0.83591,0.41192
0.60669,0.83160,0.41084
0.59685,0.82730,0.40977
0.58700,0.82299,0.40869
0.57716,0.81869,0.40761
0.56732,0.81438,0.40654
0.55748,0.81007,0.40546
0.54764,0.80577,0.40438
0.53779,0.80146,0.40331
0.52795,0.79715,0.40223
0.51811,0.79285,0.40115
0.50827,0.78854,0.40008
0.49842,0.78424,0.39900
0.48858,0.77993,0.39792
0.47874,0.77562,0.39685
0.46890,0.77132,0.39577
0.45905,0.76701,0.39469
0.44921,0.76271,0.39362
0.43937,0.75840,0.39254
0.42953,0.75409,0.39146
0.41968,0.74979,0.39039
0.40984,0.74548,0.38931
0.40000,0.74118,0.38824
0.38831,0.73549,0.38531
0.37662,0.72980,0.38239
0.36494,0.72411,0.37947
0.35325,0.71842,0.37655
0.34156,0.71273,0.37363
0.32987,0.70704,0.37070
0.31819,0.70135,0.36778
0.30650,0.69566,0.36486
0.29481,0.68997,0.36194
0.28312,0.68428,0.35902
0.27143,0.67859,0.35609
0.25975,0.67290,0.35317
0.24806,0.66720,0.35025
0.23637,0.66151,0.34733
0.22468,0.65582,0.34441
0.21300,0.65013,0.34148
0.20131,0.64444,0.33856
0.18962,0.63875,0.33564
0.17793,0.63306,0.33272
0.16624,0.62737,0.32980
0.15456,0.62168,0.32687
0.14287,0.61599,0.32395
0.13118,0.61030,0.32103
0.11949,0.60461,0.31811
0.10780,0.59892,0.31519
0.09996,0.59239,0.31180
0.09596,0.58501,0.30796
0.09196,0.57762,0.30411
0.08797,0.57024,0.30027
0.08397,0.56286,0.29642
0.07997,0.55548,0.29258
0.07597,0.54810,0.28874
0.07197,0.54072,0.28489
0.06797,0.53333,0.28105
0.06398,0.52595,0.27720
0.05998,0.51857,0.27336
0.05598,0.51119,0.26951
0.05198,0.50381,0.26567
0.04798,0.49642,0.26182
0.04398,0.48904,0.25798
0.03998,0.48166,0.25413
0.03599,0.47428,0.25029
0.03199,0.46690,0.24644
0.02799,0.45952,0.24260
0.02399,0.45213,0.23875
0.01999,0.44475,0.23491
0.01599,0.43737,0.23106
0.01200,0.42999,0.22722
0.00800,0.42261,0.22338
0.00400,0.41522,0.21953
0.00000,0.40784,0.21569
