0.64706,0.00000,0.14902
0.65475,0.00738,0.14917
0.66244,0.01476,0.14933
0.67013,0.02215,0.14948
0.67782,0.02953,0.14963
0.68551,0.03691,0.14979
0.69319,0.04429,0.14994
0.70088,0.05167,0.15010
0.70857,0.05905,0.15025
0.71626,0.06644,0.15040
0.72395,0.07382,0.15056
0.73164,0.08120,0.15071
0.73933,0.08858,0.15087
0.74702,0.09596,0.15102
0.75471,0.10334,0.15117
0.76240,0.11073,0.15133
0.77009,0.11811,0.15148
0.77778,0.12549,0.15163
0.78547,0.13287,0.15179
0.79316,0.14025,0.15194
0.80085,0.14764,0.15210
0.80854,0.15502,0.15225
0.81622,0.16240,0.15240
0.82391,0.16978,0.15256
0.83160,0.17716,0.15271
0.83929,0.18454,0.15286
0.84537,0.19293,0.15509
0.84983,0.20231,0.15940
0.85429,0.21169,0.16371
0.85875,0.22107,0.16801
0.86321,0.23045,0.17232
0.86767,0.23983,0.17662
0.87213,0.24921,0.18093
0.87659,0.25859,0.18524
0.88105,0.26797,0.18954
0.88551,0.27735,0.19385
0.88997,0.28674,0.19815
0.89443,0.29612,0.20246
0.89889,0.30550,0.20677
0.90334,0.31488,0.21107
0.90780,0.32426,0.21538
0.91226,0.33364,0.21968
0.91672,0.34302,0.22399
0.92118,0.35240,0.22830
0.92564,0.36178,0.23260
0.93010,0.37116,0.23691
0.93456,0.38055,0.24121
0.93902,0.38993,0.24552
0.94348,0.39931,0.24983
0.94794,0.40869,0.25413
0.95240,0.41807,0.25844
0.95686,0.42745,0.26275
0.95825,0.43745,0.26736
0.95963,0.44744,0.27197
0.96101,0.45744,0.27659
0.96240,0.46744,0.28120
0.96378,0.47743,0.28581
0.96517,0.48743,0.29043
0.96655,0.49742,0.29504
0.96794,0.50742,0.29965
0.96932,0.51742,0.30427
0.97070,0.52741,0.30888
0.97209,0.53741,0.31349
0.97347,0.54740,0.31811
0.97486,0.55740,0.32272
0.97624,0.56740,0.32734
0.97762,0.57739,0.33195
0.97901,0.58739,0.33656
0.98039,0.59739,0.34118
0.98178,0.60738,0.34579
0.98316,0.61738,0.35040
0.98454,0.62737,0.35502
0.98593,0.63737,0.35963
0.98731,0.64737,0.36424
0.98870,0.65736,0.36886
0.99008,0.66736,0.37347
0.99146,0.67735,0.37809
0.99223,0.68620,0.38401
0.99239,0.69389,0.39123
0.99254,0.70158,0.39846
0.99270,0.70927,0.40569
0.99285,0.71696,0.41292
0.99300,0.72464,0.42015
0.99316,0.73233,0.42737
0.99331,0.74002,0.43460
0.99346,0.74771,0.44183
0.99362,0.75540,0.44906
0.99377,0.76309,0.45629
0.99393,0.77078,0.46351
0.99408,0.77847,0.47074
0.99423,0.78616,0.47797
0.99439,0.79385,0.48520
0.99454,0.80154,0.49243
0.99469,0.80923,0.49965
0.99485,0.81692,0.50688
0.99500,0.82461,0.51411
0.99516,0.83230,0.52134
0.99531,0.83998,0.52857
0.99546,0.84767,0.53579
0.99562,0.85536,0.54302
0.99577,0.86305,0.55025
0.99592,0.87074,0.55748
0.99608,0.87843,0.56471
0.99623,0.88320,0.57193
0.99639,0.88797,0.57916
0.99654,0.89273,0.58639
0.99669,0.89750,0.59362
0.99685,0.90227,0.60085
0.99700,0.90704,0.60807
0.99715,0.91180,0.61530
0.99731,0.91657,0.62253
0.99746,0.92134,0.62976
0.99762,0.92611,0.63699
0.99777,0.93087,0.64421
0.99792,0.93564,0.65144
0.99808,0.94041,0.65867
0.99823,0.94517,0.66590
0.99839,0.94994,0.67313
0.99854,0.95471,0.68035
0.99869,0.95948,0.68758
0.99885,0.96424,0.69481
0.99900,0.96901,0.70204
0.99915,0.97378,0.70927
0.99931,0.97855,0.71649
0.99946,0.98331,0.72372
0.99962,0.98808,0.73095
0.99977,0.99285,0.73818
0.99992,0.99762,0.74541
0.99762,0.99908,0.75340
0.99285,0.99723,0.76217
0.98808,0.99539,0.77093
0.98331,0.99354,0.77970
0.97855,0.99170,0.78847
0.97378,0.98985,0.79723
0.96901,0.98800,0.80600
0.96424,0.98616,0.81476
0.95948,0.98431,0.82353
0.95471,0.98247,0.83230
0.94994,0.98062,0.84106
0.94517,0.97878,0.84983
0.94041,0.97693,0.85859
0.93564,0.97509,0.86736
0.93087,0.97324,0.87612
0.92611,0.97140,0.88489
0.92134,0.96955,0.89366
0.91657,0.96770,0.90242
0.91180,0.96586,0.91119
0.90704,0.96401,0.91995
0.90227,0.96217,0.92872
0.89750,0.96032,0.93749
0.89273,0.95848,0.94625
0.88797,0.95663,0.95502
0.88320,0.95479,0.96378
0.87843,0.95294,0.97255
0.87028,0.94894,0.97024
0.86213,0.94494,0.96794
0.85398,0.94095,0.96563
0.84583,0.93695,0.96332
0.83768,0.93295,0.96101
0.82953,0.92895,0.95871
0.82138,0.92495,0.95640
0.81323,0.92095,0.95409
0.80507,0.91696,0.95179
0.79692,0.91296,0.94948
0.78877,0.90896,0.94717
0.78062,0.90496,0.94487
0.77247,0.90096,0.94256
0.76432,0.89696,0.94025
0.75617,0.89296,0.93795
0.74802,0.88897,0.93564
0.73987,0.88497,0.93333
0.73172,0.88097,0.93103
0.72357,0.87697,0.92872
0.71542,0.87297,0.92641
0.70727,0.86897,0.92411
0.69912,0.86498,0.92180
0.69097,0.86098,0.91949
0.68281,0.85698,0.91719
0.67466,0.85298,0.91488
0.66636,0.84760,0.91188
0.65790,0.84083,0.90819
0.64944,0.83406,0.90450
0.64098,0.82730,0.90081
0.63253,0.82053,0.89712
0.62407,0.81376,0.89343
0.61561,0.80700,0.88973
0.60715,0.80023,0.88604
0.59869,0.79346,0.88235
0.59023,0.78670,0.87866
0.58178,0.77993,0.87497
0.57332,0.77316,0.87128
0.56486,0.76640,0.86759
0.55640,0.75963,0.86390
0.54794,0.75286,0.86021
0.53948,0.74610,0.85652
0.53103,0.73933,0.85283
0.52257,0.73256,0.84913
0.51411,0.72580,0.84544
0.50565,0.71903,0.84175
0.49719,0.71226,0.83806
0.48874,0.70550,0.83437
0.48028,0.69873,0.83068
0.47182,0.69196,0.82699
0.46336,0.68520,0.82330
0.45490,0.67843,0.81961
0.44767,0.66982,0.81515
0.44045,0.66121,0.81069
0.43322,0.65260,0.80623
0.42599,0.64398,0.80177
0.41876,0.63537,0.79731
0.41153,0.62676,0.79285
0.40431,0.61815,0.78839
0.39708,0.60953,0.78393
0.38985,0.60092,0.77947
0.38262,0.59231,0.77501
0.37539,0.58370,0.77055
0.36817,0.57509,0.76609
0.36094,0.56647,0.76163
0.35371,0.55786,0.75717
0.34648,0.54925,0.75271
0.33925,0.54064,0.74825
0.33203,0.53203,0.74379
0.32480,0.52341,0.73933
0.31757,0.51480,0.73487
0.31034,0.50619,0.73041
0.30311,0.49758,0.72595
0.29589,0.48897,0.72149
0.28866,0.48035,0.71703
0.28143,0.47174,0.71257
0.27420,0.46313,0.70811
0.26905,0.45398,0.70350
0.26597,0.44429,0.69873
0.26290,0.43460,0.69396
0.25982,0.42491,0.68920
0.25675,0.41522,0.68443
0.25367,0.40554,0.67966
0.25060,0.39585,0.67489
0.24752,0.38616,0.67013
0.24444,0.37647,0.66536
0.24137,0.36678,0.66059
0.23829,0.35709,0.65582
0.23522,0.34740,0.65106
0.23214,0.33772,0.64629
0.22907,0.32803,0.64152
0.22599,0.31834,0.63676
0.22291,0.30865,0.63199
0.21984,0.29896,0.62722
0.21676,0.28927,0.62245
0.21369,0.27958,0.61769
0.21061,0.26990,0.61292
0.20754,0.26021,0.60815
0.20446,0.25052,0.60338
0.20138,0.24083,0.59862
0.19831,0.23114,0.59385
0.19523,0.22145,0.58908
0.19216,0.21176,0.58431
