1.00000,0.96078,0.94118
0.99988,0.95820,0.93749
0.99975,0.95562,0.93379
0.99963,0.95303,0.93010
0.99951,0.95045,0.92641
0.99938,0.94787,0.92272
0.99926,0.94528,0.91903
0.99914,0.94270,0.91534
0.99902,0.94012,0.91165
0.99889,0.93753,0.90796
0.99877,0.93495,0.90427
0.99865,0.93236,0.90058
0.99852,0.92978,0.89689
0.99840,0.92720,0.89319
0.99828,0.92461,0.88950
0.99815,0.92203,0.88581
0.99803,0.91945,0.88212
0.99791,0.91686,0.87843
0.99779,0.91428,0.87474
0.99766,0.91170,0.87105
0.99754,0.90911,0.86736
0.99742,0.90653,0.86367
0.99729,0.90394,0.85998
0.99717,0.90136,0.85629
0.99705,0.89878,0.85260
0.99692,0.89619,0.84890
0.99680,0.89361,0.84521
0.99668,0.89103,0.84152
0.99656,0.88844,0.83783
0.99643,0.88586,0.83414
0.99631,0.88328,0.83045
0.99619,0.88069,0.82676
0.99605,0.87786,0.82278
0.99580,0.87331,0.81675
0.99556,0.86876,0.81072
0.99531,0.86421,0.80469
0.99506,0.85965,0.79866
0.99482,0.85510,0.79263
0.99457,0.85055,0.78661
0.99433,0.84600,0.78058
0.99408,0.84145,0.77455
0.99383,0.83689,0.76852
0.99359,0.83234,0.76249
0.99334,0.82779,0.75646
0.99309,0.82324,0.75043
0.99285,0.81869,0.74441
0.99260,0.81413,0.73838
0.99236,0.80958,0.73235
0.99211,0.80503,0.72632
0.99186,0.80048,0.72029
0.99162,0.79592,0.71426
0.99137,0.79137,0.70824
0.99113,0.78682,0.70221
0.99088,0.78227,0.69618
0.99063,0.77772,0.69015
0.99039,0.77316,0.68412
0.99014,0.76861,0.67809
0.98990,0.76406,0.67206
0.98965,0.75951,0.66604
0.98940,0.75496,0.66001
0.98916,0.75040,0.65398
0.98891,0.74585,0.64795
0.98867,0.74130,0.64192
0.98842,0.73675,0.63589
0.98824,0.73207,0.62993
0.98824,0.72703,0.62414
0.98824,0.72198,0.61836
0.98824,0.71694,0.61258
0.98824,0.71190,0.60680
0.98824,0.70685,0.60101
0.98824,0.70181,0.59523
0.98824,0.69676,0.58945
0.98824,0.69172,0.58367
0.98824,0.68667,0.57789
0.98824,0.68163,0.57210
0.98824,0.67659,0.56632
0.98824,0.67154,0.56054
0.98824,0.66650,0.55476
0.98824,0.66145,0.54897
0.98824,0.65641,0.54319
0.98824,0.65136,0.53741
0.98824,0.64632,0.53163
0.98824,0.64128,0.52584
0.98824,0.63623,0.52006
0.98824,0.63119,0.51428
0.98824,0.62614,0.50850
0.98824,0.62110,0.50271
0.98824,0.61606,0.49693
0.98824,0.61101,0.49115
0.98824,0.60597,0.48537
0.98824,0.60092,0.47958
0.98824,0.59588,0.47380
0.98824,0.59083,0.46802
0.98824,0.58579,0.46224
0.98824,0.58075,0.45646
0.98824,0.57570,0.45067
0.98819,0.57070,0.44521
0.98807,0.56578,0.44029
0.98794,0.56086,0.43537
0.98782,0.55594,0.43045
0.98770,0.55102,0.42553
0.98757,0.54610,0.42061
0.98745,0.54118,0.41569
0.98733,0.53626,0.41077
0.98720,0.53133,0.40584
0.98708,0.52641,0.40092
0.98696,0.52149,0.39600
0.98684,0.51657,0.39108
0.98671,0.51165,0.38616
0.98659,0.50673,0.38124
0.98647,0.50181,0.37632
0.98634,0.49689,0.37140
0.98622,0.49196,0.36647
0.98610,0.48704,0.36155
0.98597,0.48212,0.35663
0.98585,0.47720,0.35171
0.98573,0.47228,0.34679
0.98561,0.46736,0.34187
0.98548,0.46244,0.33695
0.98536,0.45752,0.33203
0.98524,0.45260,0.32710
0.98511,0.44767,0.32218
0.98499,0.44275,0.31726
0.98487,0.43783,0.31234
0.98474,0.43291,0.30742
0.98462,0.42799,0.30250
0.98450,0.42307,0.29758
0.98438,0.41815,0.29266
0.98358,0.41280,0.28835
0.98210,0.40701,0.28466
0.98062,0.40123,0.28097
0.97915,0.39545,0.27728
0.97767,0.38967,0.27359
0.97619,0.38388,0.26990
0.97472,0.37810,0.26621
0.97324,0.37232,0.26251
0.97176,0.36654,0.25882
0.97029,0.36075,0.25513
0.96881,0.35497,0.25144
0.96734,0.34919,0.24775
0.96586,0.34341,0.24406
0.96438,0.33762,0.24037
0.96291,0.33184,0.23668
0.96143,0.32606,0.23299
0.95995,0.32028,0.22930
0.95848,0.31449,0.22561
0.95700,0.30871,0.22191
0.95552,0.30293,0.21822
0.95405,0.29715,0.21453
0.95257,0.29136,0.21084
0.95110,0.28558,0.20715
0.94962,0.27980,0.20346
0.94814,0.27402,0.19977
0.94667,0.26824,0.19608
0.94519,0.26245,0.19239
0.94371,0.25667,0.18870
0.94224,0.25089,0.18501
0.94076,0.24511,0.18131
0.93928,0.23932,0.17762
0.93781,0.23354,0.17393
0.93449,0.22868,0.17140
0.93006,0.22438,0.16955
0.92563,0.22007,0.16770
0.92120,0.21576,0.16586
0.91677,0.21146,0.16401
0.91234,0.20715,0.16217
0.90791,0.20285,0.16032
0.90348,0.19854,0.15848
0.89905,0.19423,0.15663
0.89463,0.18993,0.15479
0.89020,0.18562,0.15294
0.88577,0.18131,0.15110
0.88134,0.17701,0.14925
0.87691,0.17270,0.14740
0.87248,0.16840,0.14556
0.86805,0.16409,0.14371
0.86362,0.15978,0.14187
0.85919,0.15548,0.14002
0.85476,0.15117,0.13818
0.85033,0.14687,0.13633
0.84591,0.14256,0.13449
0.84148,0.13825,0.13264
0.83705,0.13395,0.13080
0.83262,0.12964,0.12895
0.82819,0.12534,0.12710
0.82376,0.12103,0.12526
0.81933,0.11672,0.12341
0.81490,0.11242,0.12157
0.81047,0.10811,0.11972
0.80604,0.10381,0.11788
0.80161,0.09950,0.11603
0.79719,0.09519,0.11419
0.79257,0.09329,0.11299
0.78790,0.09218,0.11200
0.78322,0.09107,0.11102
0.77855,0.08997,0.11003
0.77387,0.08886,0.10905
0.76920,0.08775,0.10807
0.76452,0.08664,0.10708
0.75985,0.08554,0.10610
0.75517,0.08443,0.10511
0.75050,0.08332,0.10413
0.74582,0.08221,0.10314
0.74115,0.08111,0.10216
0.73647,0.08000,0.10118
0.73180,0.07889,0.10019
0.72712,0.07779,0.09921
0.72245,0.07668,0.09822
0.71777,0.07557,0.09724
0.71309,0.07446,0.09626
0.70842,0.07336,0.09527
0.70374,0.07225,0.09429
0.69907,0.07114,0.09330
0.69439,0.07003,0.09232
0.68972,0.06893,0.09133
0.68504,0.06782,0.09035
0.68037,0.06671,0.08937
0.67569,0.06561,0.08838
0.67102,0.06450,0.08740
0.66634,0.06339,0.08641
0.66167,0.06228,0.08543
0.65699,0.06118,0.08444
0.65232,0.06007,0.08346
0.64764,0.05896,0.08248
0.64038,0.05721,0.08149
0.63276,0.05536,0.08051
0.62513,0.05352,0.07952
0.61750,0.05167,0.07854
0.60987,0.04983,0.07755
0.60225,0.04798,0.07657
0.59462,0.04614,0.07559
0.58699,0.04429,0.07460
0.57936,0.04245,0.07362
0.57173,0.04060,0.07263
0.56411,0.03875,0.07165
0.55648,0.03691,0.07067
0.54885,0.03506,0.06968
0.54122,0.03322,0.06870
0.53359,0.03137,0.06771
0.52597,0.02953,0.06673
0.51834,0.02768,0.06574
0.51071,0.02584,0.06476
0.50308,0.02399,0.06378
0.49546,0.02215,0.06279
0.48783,0.02030,0.06181
0.48020,0.01845,0.06082
0.47257,0.01661,0.05984
0.46494,0.01476,0.05885
0.45732,0.01292,0.05787
0.44969,0.01107,0.05689
0.44206,0.00923,0.05590
0.43443,0.00738,0.05492
0.42681,0.00554,0.05393
0.41918,0.00369,0.05295
0.41155,0.00185,0.05196
0.40392,0.00000,0.05098
