0.00000,0.00000,1.00000
0.00000,0.00392,0.99804
0.00000,0.00784,0.99608
0.00000,0.01176,0.99412
0.00000,0.01569,0.99216
0.00000,0.01961,0.99020
0.00000,0.02353,0.98824
0.00000,0.02745,0.98627
0.00000,0.03137,0.98431
0.00000,0.03529,0.98235
0.00000,0.03922,0.98039
0.00000,0.04314,0.97843
0.00000,0.04706,0.97647
0.00000,0.05098,0.97451
0.00000,0.05490,0.97255
0.00000,0.05882,0.97059
0.00000,0.06275,0.96863
0.00000,0.06667,0.96667
0.00000,0.07059,0.96471
0.00000,0.07451,0.96275
0.00000,0.07843,0.96078
0.00000,0.08235,0.95882
0.00000,0.08627,0.95686
0.00000,0.09020,0.95490
0.00000,0.09412,0.95294
0.00000,0.09804,0.95098
0.00000,0.10196,0.94902
0.00000,0.10588,0.94706
0.00000,0.10980,0.94510
0.00000,0.11373,0.94314
0.00000,0.11765,0.94118
0.00000,0.12157,0.93922
0.00000,0.12549,0.93725
0.00000,0.12941,0.93529
0.00000,0.13333,0.93333
0.00000,0.13725,0.93137
0.00000,0.14118,0.92941
0.00000,0.14510,0.92745
0.00000,0.14902,0.92549
0.00000,0.15294,0.92353
0.00000,0.15686,0.92157
0.00000,0.16078,0.91961
0.00000,0.16471,0.91765
0.00000,0.16863,0.91569
0.00000,0.17255,0.91373
0.00000,0.17647,0.91176
0.00000,0.18039,0.90980
0.00000,0.18431,0.90784
0.00000,0.18824,0.90588
0.00000,0.19216,0.90392
0.00000,0.19608,0.90196
0.00000,0.20000,0.90000
0.00000,0.20392,0.89804
0.00000,0.20784,0.89608
0.00000,0.21176,0.89412
0.00000,0.21569,0.89216
0.00000,0.21961,0.89020
0.00000,0.22353,0.88824
0.00000,0.22745,0.88627
0.00000,0.23137,0.88431
0.00000,0.23529,0.88235
0.00000,0.23922,0.88039
0.00000,0.24314,0.87843
0.00000,0.24706,0.87647
0.00000,0.25098,0.87451
0.00000,0.25490,0.87255
0.00000,0.25882,0.87059
0.00000,0.26275,0.86863
0.00000,0.26667,0.86667
0.00000,0.27059,0.86471
0.00000,0.27451,0.86275
0.00000,0.27843,0.86078
0.00000,0.28235,0.85882
0.00000,0.28627,0.85686
0.00000,0.29020,0.85490
0.00000,0.29412,0.85294
0.00000,0.29804,0.85098
0.00000,0.30196,0.84902
0.00000,0.30588,0.84706
0.00000,0.30980,0.84510
0.00000,0.31373,0.84314
0.00000,0.31765,0.84118
0.00000,0.32157,0.83922
0.00000,0.32549,0.83725
0.00000,0.32941,0.83529
0.00000,0.33333,0.83333
0.00000,0.33725,0.83137
0.00000,0.34118,0.82941
0.00000,0.34510,0.82745
0.00000,0.34902,0.82549
0.00000,0.35294,0.82353
0.00000,0.35686,0.82157
0.00000,0.36078,0.81961
0.00000,0.36471,0.81765
0.00000,0.36863,0.81569
0.00000,0.37255,0.81373
0.00000,0.37647,0.81176
0.00000,0.38039,0.80980
0.00000,0.38431,0.80784
0.00000,0.38824,0.80588
0.00000,0.39216,0.80392
0.00000,0.39608,0.80196
0.00000,0.40000,0.80000
0.00000,0.40392,0.79804
0.00000,0.40784,0.79608
0.00000,0.41176,0.79412
0.00000,0.41569,0.79216
0.00000,0.41961,0.79020
0.00000,0.42353,0.78824
0.00000,0.42745,0.78627
0.00000,0.43137,0.78431
0.00000,0.43529,0.78235
0.00000,0.43922,0.78039
0.00000,0.44314,0.77843
0.00000,0.44706,0.77647
0.00000,0.45098,0.77451
0.00000,0.45490,0.77255
0.00000,0.45882,0.77059
0.00000,0.46275,0.76863
0.00000,0.46667,0.76667
0.00000,0.47059,0.76471
0.00000,0.47451,0.76275
0.00000,0.47843,0.76078
0.00000,0.48235,0.75882
0.00000,0.48627,0.75686
0.00000,0.49020,0.75490
0.00000,0.49412,0.75294
0.00000,0.49804,0.75098
0.00000,0.50196,0.74902
0.00000,0.50588,0.74706
0.00000,0.50980,0.74510
0.00000,0.51373,0.74314
0.00000,0.51765,0.74118
0.00000,0.52157,0.73922
0.00000,0.52549,0.73725
0.00000,0.52941,0.73529
0.00000,0.53333,0.73333
0.00000,0.53725,0.73137
0.00000,0.54118,0.72941
0.00000,0.54510,0.72745
0.00000,0.54902,0.72549
0.00000,0.55294,0.72353
0.00000,0.55686,0.72157
0.00000,0.56078,0.71961
0.00000,0.56471,0.71765
0.00000,0.56863,0.71569
0.00000,0.57255,0.71373
0.00000,0.57647,0.71176
0.00000,0.58039,0.70980
0.00000,0.58431,0.70784
0.00000,0.58824,0.70588
0.00000,0.59216,0.70392
0.00000,0.59608,0.70196
0.00000,0.60000,0.70000
0.00000,0.60392,0.69804
0.00000,0.60784,0.69608
0.00000,0.61176,0.69412
0.00000,0.61569,0.69216
0.00000,0.61961,0.69020
0.00000,0.62353,0.68824
0.00000,0.62745,0.68627
0.00000,0.63137,0.68431
0.00000,0.63529,0.68235
0.00000,0.63922,0.68039
0.00000,0.64314,0.67843
0.00000,0.64706,0.67647
0.00000,0.65098,0.67451
0.00000,0.65490,0.67255
0.00000,0.65882,0.67059
0.00000,0.66275,0.66863
0.00000,0.66667,0.66667
0.00000,0.67059,0.66471
0.00000,0.67451,0.66275
0.00000,0.67843,0.66078
0.00000,0.68235,0.65882
0.00000,0.68627,0.65686
0.00000,0.69020,0.65490
0.00000,0.69412,0.65294
0.00000,0.69804,0.65098
0.00000,0.70196,0.64902
0.00000,0.70588,0.64706
0.00000,0.70980,0.64510
0.00000,0.71373,0.64314
0.00000,0.71765,0.64118
0.00000,0.72157,0.63922
0.00000,0.72549,0.63725
0.00000,0.72941,0.63529
0.00000,0.73333,0.63333
0.00000,0.73725,0.63137
0.00000,0.74118,0.62941
0.00000,0.74510,0.62745
0.00000,0.74902,0.62549
0.00000,0.75294,0.62353
0.00000,0.75686,0.62157
0.00000,0.76078,0.61961
0.00000,0.76471,0.61765
0.00000,0.76863,0.61569
0.00000,0.77255,0.61373
0.00000,0.77647,0.61176
0.00000,0.78039,0.60980
0.00000,0.78431,0.60784
0.00000,0.78824,0.60588
0.00000,0.79216,0.60392
0.00000,0.79608,0.60196
0.00000,0.80000,0.60000
0.00000,0.80392,0.59804
0.00000,0.80784,0.59608
0.00000,0.81176,0.59412
0.00000,0.81569,0.59216
0.00000,0.81961,0.59020
0.00000,0.82353,0.58824
0.00000,0.82745,0.58627
0.00000,0.83137,0.58431
0.00000,0.83529,0.58235
0.00000,0.83922,0.58039
0.00000,0.84314,0.57843
0.00000,0.84706,0.57647
0.00000,0.85098,0.57451
0.00000,0.85490,0.57255
0.00000,0.85882,0.57059
0.00000,0.86275,0.56863
0.00000,0.86667,0.56667
0.00000,0.87059,0.56471
0.00000,0.87451,0.56275
0.00000,0.87843,0.56078
0.00000,0.88235,0.55882
0.00000,0.88627,0.55686
0.00000,0.89020,0.55490
0.00000,0.89412,0.55294
0.00000,0.89804,0.55098
0.00000,0.90196,0.54902
0.00000,0.90588,0.54706
0.00000,0.90980,0.54510
0.00000,0.91373,0.54314
0.00000,0.91765,0.54118
0.00000,0.92157,0.53922
0.00000,0.92549,0.53725
0.00000,0.92941,0.53529
0.00000,0.93333,0.53333
0.00000,0.93725,0.53137
0.00000,0.94118,0.52941
0.00000,0.94510,0.52745
0.00000,0.94902,0.52549
0.00000,0.95294,0.52353
0.00000,0.95686,0.52157
0.00000,0.96078,0.51961
0.00000,0.96471,0.51765
0.00000,0.96863,0.51569
0.00000,0.97255,0.51373
0.00000,0.97647,0.51176
0.00000,0.98039,0.50980
0.00000,0.98431,0.50784
0.00000,0.98824,0.50588
0.00000,0.99216,0.50392
0.00000,0.99608,0.50196
0.00000,1.00000,0.50000
