0.89412,1.00000,0.47843
0.89578,0.99859,0.47253
0.89744,0.99717,0.46662
0.89910,0.99576,0.46072
0.90076,0.99434,0.45481
0.90242,0.99293,0.44890
0.90408,0.99151,0.44300
0.90574,0.99010,0.43709
0.90740,0.98868,0.43119
0.90907,0.98727,0.42528
0.91073,0.98585,0.41938
0.91239,0.98444,0.41347
0.91405,0.98302,0.40757
0.91571,0.98161,0.40166
0.91737,0.98019,0.39576
0.91903,0.97878,0.38985
0.92069,0.97736,0.38394
0.92235,0.97595,0.37804
0.92401,0.97453,0.37213
0.92567,0.97312,0.36623
0.92734,0.97170,0.36032
0.92900,0.97029,0.35442
0.93066,0.96887,0.34851
0.93232,0.96746,0.34261
0.93398,0.96604,0.33670
0.93564,0.96463,0.33080
0.93730,0.96321,0.32489
0.93896,0.96180,0.31899
0.94062,0.96038,0.31308
0.94228,0.95897,0.30717
0.94394,0.95755,0.30127
0.94561,0.95614,0.29536
0.94727,0.95473,0.28946
0.94893,0.95331,0.28355
0.95059,0.95190,0.27765
0.95225,0.95048,0.27174
0.95391,0.94907,0.26584
0.95557,0.94765,0.25993
0.95723,0.94624,0.25403
0.95889,0.94482,0.24812
0.96055,0.94341,0.24221
0.96221,0.94199,0.23631
0.96388,0.94058,0.23040
0.96554,0.93916,0.22450
0.96720,0.93775,0.21859
0.96886,0.93633,0.21269
0.97052,0.93492,0.20678
0.97218,0.93350,0.20088
0.97384,0.93209,0.19497
0.97550,0.93067,0.18907
0.97716,0.92926,0.18316
0.97882,0.92784,0.17725
0.98048,0.92643,0.17135
0.98215,0.92501,0.16544
0.98381,0.92360,0.15954
0.98547,0.92218,0.15363
0.98713,0.92077,0.14773
0.98879,0.91935,0.14182
0.99045,0.91794,0.13592
0.99211,0.91652,0.13001
0.99377,0.91511,0.12411
0.99543,0.91369,0.11820
0.99709,0.91228,0.11230
0.99875,0.91087,0.10639
1.00000,0.90914,0.10156
1.00000,0.90650,0.09996
1.00000,0.90385,0.09836
1.00000,0.90121,0.09676
1.00000,0.89856,0.09516
1.00000,0.89592,0.09356
1.00000,0.89327,0.09196
1.00000,0.89063,0.09037
1.00000,0.88798,0.08877
1.00000,0.88534,0.08717
1.00000,0.88269,0.08557
1.00000,0.88005,0.08397
1.00000,0.87740,0.08237
1.00000,0.87476,0.08077
1.00000,0.87211,0.07917
1.00000,0.86947,0.07757
1.00000,0.86682,0.07597
1.00000,0.86418,0.07437
1.00000,0.86153,0.07277
1.00000,0.85889,0.07117
1.00000,0.85624,0.06957
1.00000,0.85359,0.06797
1.00000,0.85095,0.06637
1.00000,0.84830,0.06478
1.00000,0.84566,0.06318
1.00000,0.84301,0.06158
1.00000,0.84037,0.05998
1.00000,0.83772,0.05838
1.00000,0.83508,0.05678
1.00000,0.83243,0.05518
1.00000,0.82979,0.05358
1.00000,0.82714,0.05198
1.00000,0.82450,0.05038
1.00000,0.82185,0.04878
1.00000,0.81921,0.04718
1.00000,0.81656,0.04558
1.00000,0.81392,0.04398
1.00000,0.81127,0.04238
1.00000,0.80863,0.04078
1.00000,0.80598,0.03918
1.00000,0.80334,0.03759
1.00000,0.80069,0.03599
1.00000,0.79805,0.03439
1.00000,0.79540,0.03279
1.00000,0.79276,0.03119
1.00000,0.79011,0.02959
1.00000,0.78747,0.02799
1.00000,0.78482,0.02639
1.00000,0.78218,0.02479
1.00000,0.77953,0.02319
1.00000,0.77689,0.02159
1.00000,0.77424,0.01999
1.00000,0.77160,0.01839
1.00000,0.76895,0.01679
1.00000,0.76631,0.01519
1.00000,0.76366,0.01359
1.00000,0.76101,0.01200
1.00000,0.75837,0.01040
1.00000,0.75572,0.00880
1.00000,0.75308,0.00720
1.00000,0.75043,0.00560
1.00000,0.74779,0.00400
1.00000,0.74514,0.00240
1.00000,0.74250,0.00080
1.00000,0.74028,0.00000
1.00000,0.73850,0.00000
1.00000,0.73672,0.00000
1.00000,0.73493,0.00000
1.00000,0.73315,0.00000
1.00000,0.73136,0.00000
1.00000,0.72958,0.00000
1.00000,0.72780,0.00000
1.00000,0.72601,0.00000
1.00000,0.72423,0.00000
1.00000,0.72245,0.00000
1.00000,0.72066,0.00000
1.00000,0.71888,0.00000
1.00000,0.71709,0.00000
1.00000,0.71531,0.00000
1.00000,0.71353,0.00000
1.00000,0.71174,0.00000
1.00000,0.70996,0.00000
1.00000,0.70817,0.00000
1.00000,0.70639,0.00000
1.00000,0.70461,0.00000
1.00000,0.70282,0.00000
1.00000,0.70104,0.00000
1.00000,0.69925,0.00000
1.00000,0.69747,0.00000
1.00000,0.69569,0.00000
1.00000,0.69390,0.00000
1.00000,0.69212,0.00000
1.00000,0.69033,0.00000
1.00000,0.68855,0.00000
1.00000,0.68677,0.00000
1.00000,0.68498,0.00000
1.00000,0.68320,0.00000
1.00000,0.68141,0.00000
1.00000,0.67963,0.00000
1.00000,0.67785,0.00000
1.00000,0.67606,0.00000
1.00000,0.67428,0.00000
1.00000,0.67250,0.00000
1.00000,0.67071,0.00000
1.00000,0.66893,0.00000
1.00000,0.66714,0.00000
1.00000,0.66536,0.00000
1.00000,0.66358,0.00000
1.00000,0.66179,0.00000
1.00000,0.66001,0.00000
1.00000,0.65822,0.00000
1.00000,0.65644,0.00000
1.00000,0.65466,0.00000
1.00000,0.65287,0.00000
1.00000,0.65109,0.00000
1.00000,0.64930,0.00000
1.00000,0.64752,0.00000
1.00000,0.64574,0.00000
1.00000,0.64395,0.00000
1.00000,0.64217,0.00000
1.00000,0.64038,0.00000
1.00000,0.63860,0.00000
1.00000,0.63682,0.00000
1.00000,0.63503,0.00000
1.00000,0.63325,0.00000
1.00000,0.63146,0.00000
1.00000,0.62968,0.00000
1.00000,0.62790,0.00000
0.99986,0.62593,0.00000
0.99968,0.62390,0.00000
0.99949,0.62187,0.00000
0.99931,0.61984,0.00000
0.99912,0.61781,0.00000
0.99894,0.61578,0.00000
0.99875,0.61375,0.00000
0.99857,0.61172,0.00000
0.99839,0.60969,0.00000
0.99820,0.60766,0.00000
0.99802,0.60563,0.00000
0.99783,0.60360,0.00000
0.99765,0.60157,0.00000
0.99746,0.59954,0.00000
0.99728,0.59751,0.00000
0.99709,0.59548,0.00000
0.99691,0.59345,0.00000
0.99672,0.59142,0.00000
0.99654,0.58939,0.00000
0.99636,0.58736,0.00000
0.99617,0.58533,0.00000
0.99599,0.58330,0.00000
0.99580,0.58127,0.00000
0.99562,0.57924,0.00000
0.99543,0.57721,0.00000
0.99525,0.57518,0.00000
0.99506,0.57315,0.00000
0.99488,0.57112,0.00000
0.99469,0.56909,0.00000
0.99451,0.56706,0.00000
0.99433,0.56503,0.00000
0.99414,0.56300,0.00000
0.99396,0.56097,0.00000
0.99377,0.55894,0.00000
0.99359,0.55691,0.00000
0.99340,0.55488,0.00000
0.99322,0.55285,0.00000
0.99303,0.55082,0.00000
0.99285,0.54879,0.00000
0.99266,0.54676,0.00000
0.99248,0.54473,0.00000
0.99230,0.54270,0.00000
0.99211,0.54067,0.00000
0.99193,0.53864,0.00000
0.99174,0.53661,0.00000
0.99156,0.53458,0.00000
0.99137,0.53255,0.00000
0.99119,0.53052,0.00000
0.99100,0.52849,0.00000
0.99082,0.52646,0.00000
0.99063,0.52443,0.00000
0.99045,0.52240,0.00000
0.99027,0.52037,0.00000
0.99008,0.51834,0.00000
0.98990,0.51631,0.00000
0.98971,0.51428,0.00000
0.98953,0.51225,0.00000
0.98934,0.51022,0.00000
0.98916,0.50819,0.00000
0.98897,0.50616,0.00000
0.98879,0.50413,0.00000
0.98860,0.50210,0.00000
0.98842,0.50007,0.00000
0.98824,0.49804,0.00000
