1.00000,1.00000,0.89804
0.99902,0.99963,0.89263
0.99803,0.99926,0.88721
0.99705,0.99889,0.88180
0.99606,0.99852,0.87639
0.99508,0.99815,0.87097
0.99409,0.99779,0.86556
0.99311,0.99742,0.86015
0.99213,0.99705,0.85473
0.99114,0.99668,0.84932
0.99016,0.99631,0.84391
0.98917,0.99594,0.83849
0.98819,0.99557,0.83308
0.98720,0.99520,0.82767
0.98622,0.99483,0.82225
0.98524,0.99446,0.81684
0.98425,0.99409,0.81143
0.98327,0.99373,0.80601
0.98228,0.99336,0.80060
0.98130,0.99299,0.79519
0.98032,0.99262,0.78977
0.97933,0.99225,0.78436
0.97835,0.99188,0.77895
0.97736,0.99151,0.77353
0.97638,0.99114,0.76812
0.97539,0.99077,0.76271
0.97441,0.99040,0.75729
0.97343,0.99003,0.75188
0.97244,0.98967,0.74647
0.97146,0.98930,0.74105
0.97047,0.98893,0.73564
0.96949,0.98856,0.73023
0.96817,0.98805,0.72515
0.96448,0.98657,0.72245
0.96078,0.98510,0.71974
0.95709,0.98362,0.71703
0.95340,0.98215,0.71433
0.94971,0.98067,0.71162
0.94602,0.97919,0.70891
0.94233,0.97772,0.70621
0.93864,0.97624,0.70350
0.93495,0.97476,0.70079
0.93126,0.97329,0.69809
0.92757,0.97181,0.69538
0.92388,0.97033,0.69267
0.92018,0.96886,0.68997
0.91649,0.96738,0.68726
0.91280,0.96591,0.68455
0.90911,0.96443,0.68185
0.90542,0.96295,0.67914
0.90173,0.96148,0.67643
0.89804,0.96000,0.67373
0.89435,0.95852,0.67102
0.89066,0.95705,0.66831
0.88697,0.95557,0.66561
0.88328,0.95409,0.66290
0.87958,0.95262,0.66019
0.87589,0.95114,0.65749
0.87220,0.94967,0.65478
0.86851,0.94819,0.65207
0.86482,0.94671,0.64937
0.86113,0.94524,0.64666
0.85744,0.94376,0.64395
0.85375,0.94228,0.64125
0.84963,0.94059,0.63857
0.84421,0.93825,0.63599
0.83880,0.93592,0.63340
0.83339,0.93358,0.63082
0.82797,0.93124,0.62824
0.82256,0.92890,0.62565
0.81715,0.92657,0.62307
0.81173,0.92423,0.62048
0.80632,0.92189,0.61790
0.80091,0.91955,0.61532
0.79549,0.91722,0.61273
0.79008,0.91488,0.61015
0.78467,0.91254,0.60757
0.77925,0.91020,0.60498
0.77384,0.90787,0.60240
0.76843,0.90553,0.59982
0.76301,0.90319,0.59723
0.75760,0.90085,0.59465
0.75219,0.89852,0.59206
0.74677,0.89618,0.58948
0.74136,0.89384,0.58690
0.73595,0.89150,0.58431
0.73053,0.88917,0.58173
0.72512,0.88683,0.57915
0.71971,0.88449,0.57656
0.71429,0.88215,0.57398
0.70888,0.87982,0.57140
0.70347,0.87748,0.56881
0.69805,0.87514,0.56623
0.69264,0.87280,0.56364
0.68723,0.87047,0.56106
0.68181,0.86813,0.55848
0.67599,0.86561,0.55589
0.66947,0.86278,0.55331
0.66295,0.85995,0.55073
0.65642,0.85712,0.54814
0.64990,0.85429,0.54556
0.64338,0.85146,0.54298
0.63686,0.84863,0.54039
0.63034,0.84580,0.53781
0.62382,0.84297,0.53522
0.61730,0.84014,0.53264
0.61078,0.83731,0.53006
0.60426,0.83448,0.52747
0.59774,0.83165,0.52489
0.59122,0.82882,0.52231
0.58470,0.82599,0.51972
0.57818,0.82316,0.51714
0.57166,0.82033,0.51456
0.56514,0.81750,0.51197
0.55862,0.81467,0.50939
0.55210,0.81184,0.50681
0.54557,0.80901,0.50422
0.53905,0.80618,0.50164
0.53253,0.80335,0.49905
0.52601,0.80052,0.49647
0.51949,0.79769,0.49389
0.51297,0.79486,0.49130
0.50645,0.79203,0.48872
0.49993,0.78920,0.48614
0.49341,0.78637,0.48355
0.48689,0.78354,0.48097
0.48037,0.78072,0.47839
0.47385,0.77789,0.47580
0.46720,0.77481,0.47279
0.46044,0.77149,0.46934
0.45367,0.76817,0.46590
0.44691,0.76484,0.46245
0.44014,0.76152,0.45901
0.43337,0.75820,0.45556
0.42661,0.75488,0.45212
0.41984,0.75156,0.44867
0.41307,0.74824,0.44523
0.40631,0.74491,0.44178
0.39954,0.74159,0.43834
0.39277,0.73827,0.43489
0.38601,0.73495,0.43145
0.37924,0.73163,0.42800
0.37247,0.72830,0.42456
0.36571,0.72498,0.42111
0.35894,0.72166,0.41767
0.35217,0.71834,0.41423
0.34541,0.71502,0.41078
0.33864,0.71170,0.40734
0.33187,0.70837,0.40389
0.32511,0.70505,0.40045
0.31834,0.70173,0.39700
0.31157,0.69841,0.39356
0.30481,0.69509,0.39011
0.29804,0.69176,0.38667
0.29127,0.68844,0.38322
0.28451,0.68512,0.37978
0.27774,0.68180,0.37633
0.27097,0.67848,0.37289
0.26421,0.67516,0.36944
0.25744,0.67183,0.36600
0.25260,0.66759,0.36271
0.24890,0.66279,0.35951
0.24521,0.65799,0.35631
0.24152,0.65319,0.35311
0.23783,0.64840,0.34991
0.23414,0.64360,0.34671
0.23045,0.63880,0.34351
0.22676,0.63400,0.34032
0.22307,0.62920,0.33712
0.21938,0.62441,0.33392
0.21569,0.61961,0.33072
0.21200,0.61481,0.32752
0.20830,0.61001,0.32432
0.20461,0.60521,0.32112
0.20092,0.60042,0.31792
0.19723,0.59562,0.31473
0.19354,0.59082,0.31153
0.18985,0.58602,0.30833
0.18616,0.58122,0.30513
0.18247,0.57642,0.30193
0.17878,0.57163,0.29873
0.17509,0.56683,0.29553
0.17140,0.56203,0.29233
0.16770,0.55723,0.28913
0.16401,0.55243,0.28594
0.16032,0.54764,0.28274
0.15663,0.54284,0.27954
0.15294,0.53804,0.27634
0.14925,0.53324,0.27314
0.14556,0.52844,0.26994
0.14187,0.52364,0.26674
0.13818,0.51885,0.26354
0.13403,0.51506,0.26164
0.12972,0.51162,0.26016
0.12541,0.50817,0.25869
0.12111,0.50473,0.25721
0.11680,0.50128,0.25573
0.11250,0.49784,0.25426
0.10819,0.49439,0.25278
0.10388,0.49095,0.25130
0.09958,0.48750,0.24983
0.09527,0.48406,0.24835
0.09097,0.48062,0.24687
0.08666,0.47717,0.24540
0.08235,0.47373,0.24392
0.07805,0.47028,0.24245
0.07374,0.46684,0.24097
0.06943,0.46339,0.23949
0.06513,0.45995,0.23802
0.06082,0.45650,0.23654
0.05652,0.45306,0.23506
0.05221,0.44961,0.23359
0.04790,0.44617,0.23211
0.04360,0.44272,0.23063
0.03929,0.43928,0.22916
0.03499,0.43583,0.22768
0.03068,0.43239,0.22621
0.02637,0.42894,0.22473
0.02207,0.42550,0.22325
0.01776,0.42205,0.22178
0.01346,0.41861,0.22030
0.00915,0.41516,0.21882
0.00484,0.41172,0.21735
0.00054,0.40827,0.21587
0.00000,0.40408,0.21418
0.00000,0.39977,0.21246
0.00000,0.39546,0.21073
0.00000,0.39116,0.20901
0.00000,0.38685,0.20729
0.00000,0.38255,0.20557
0.00000,0.37824,0.20384
0.00000,0.37393,0.20212
0.00000,0.36963,0.20040
0.00000,0.36532,0.19868
0.00000,0.36101,0.19696
0.00000,0.35671,0.19523
0.00000,0.35240,0.19351
0.00000,0.34810,0.19179
0.00000,0.34379,0.19007
0.00000,0.33948,0.18834
0.00000,0.33518,0.18662
0.00000,0.33087,0.18490
0.00000,0.32657,0.18318
0.00000,0.32226,0.18145
0.00000,0.31795,0.17973
0.00000,0.31365,0.17801
0.00000,0.30934,0.17629
0.00000,0.30504,0.17456
0.00000,0.30073,0.17284
0.00000,0.29642,0.17112
0.00000,0.29212,0.16940
0.00000,0.28781,0.16767
0.00000,0.28351,0.16595
0.00000,0.27920,0.16423
0.00000,0.27489,0.16251
0.00000,0.27059,0.16078
